100 224 12 0.201679048719283 1 0
-1.02002560309823 -0.378712323941479 1.13869311380251 -0.070384683747365 0.636344499943375 0.899659112354211 -0.695298440697744 -0.32167866830138 0.763855812239322 0.141022292415592 -0.0643343929796154 -0.391668147837593
0.445656780321323 1.20246350259348 0.379566325305434 -1.72238176155233 0.133959555451726 0.731748676644063 -0.765958236299168 0.448120012908007 0.667553282913807 -0.134374597928335 -0.0650631413295567 -0.287584162321242
0.589365433539708 -0.798308497080685 0.266275519476327 -0.288760981321859 -0.0767526791446002 -0.193704619025103 0.404345093119994 0.425516146345186 0.376719125360102 2.34990472865515 0.266941818370846 -0.0212883942687056
0.635266796508403 0.443180139670809 0.977557712780249 -1.30273699529977 -0.287985674333314 -0.61808986812856 1.00670234439044 0.742948123975705 1.00816121150757 2.14364278527551 -0.440537387613526 -0.87035936284494
-0.415691655188052 -0.0931438405137792 -0.784367221850184 1.24348321301312 0.147284648829937 0.963403226247751 -1.20078280677528 0.454500331353699 0.590953063960594 0.839402587754095 -0.577684009713738 1.27932110940671
-0.590532251017321 0.169072845905787 -0.170209928332529 0.440268119327444 0.856864516903185 0.0170291477691062 -1.24249911563331 -0.334627405932269 0.0379916722979206 -0.319504852979421 -0.410495147234074 1.50480401050612
-0.0279507792078463 0.640606781055099 0.175052843605819 -1.03357862343865 0.504689186316919 -0.146911528998551 -0.990074182859694 1.09087197666405 -0.459079549882682 1.85296546523068 -0.593584971308717 -0.440847254513872
-0.730848694958165 0.571502215827857 0.592553787028379 -0.344792223652897 1.44980050260097 0.490477916377096 -1.0206547002069 0.270239022312029 0.675137876904698 0.012067142128156 0.312409275178834 0.475388782525944
0.429337633496211 -0.139081631252307 1.33091903841672 0.527930900148902 -0.497388484007878 -0.843247864608187 0.105950254634583 0.782067776309443 0.71395253639232 -0.66266026561915 0.286849649741398 -0.587868256774197
-0.695193599118279 0.389291572640619 0.254737096430214 -2.70083486510087 0.499638003421025 0.472873565453688 1.67893970615047 0.506591354449683 -0.402292761303739 2.12402486356847 -0.30901567807925 0.361686703731239
-0.748239601758557 -0.619282969749212 -1.15193326211742 1.8291857771193 1.22999391082229 0.447699907820136 -1.39210647476707 0.334459783084596 0.527520934686653 1.56787721430949 -0.893437497959987 -0.507025585586615
-0.663236974356916 0.190755171151863 -1.39818549604842 0.0901273633669202 0.0432351973781387 0.806103339132807 0.689613870276264 0.429866864458985 0.708109090879585 0.0472315569981896 -0.044354325641787 0.158870213815329
0.614598236232936 -0.820973360947987 -1.06630905824298 0.00591110039443329 0.94425848642146 -0.358707921486855 -0.0559975252823421 0.84493778747869 1.13569188811726 2.55860608977891 -0.546790388927823 -1.09615562314611
1.12566421832178 -0.68781187504114 -0.507045528620397 0.181118486379646 -0.64029561202425 0.41795117456001 0.427550915014854 0.435245843177831 0.210651947510952 1.0544679613387 0.477421783529498 0.52655637476912
0.502167684229357 1.7095951281481 -1.29498135908355 -0.44981252224398 0.356679508699492 -0.0325378468562426 0.0891055075852936 0.191249002996749 -0.620884340407147 0.537955439971778 -0.0243643129447586 0.667140857443282
0.420732691088914 0.634058824059402 -0.47812039029842 -1.0576767438382 -0.142732692380438 -0.112802504512704 1.2431110172668 1.36086469285916 1.20179774734046 3.11202630023625 0.229965666936039 -1.70280003203295
1.028209271466 -0.0621800954770515 1.40269959160014 -1.11112865195163 -1.86692008510606 -0.078293979081994 1.37784927702681 2.00635687408589 1.11682406325286 1.8513899448829 0.223662862308154 -1.09433819733173
-1.49870904689746 0.0827854633731456 -1.083667378086 1.92106723082197 0.225279278586448 2.27626243919487 -1.12805059546103 -1.73312934356981 -1.04816218865839 -0.526898755894907 -0.227194764299536 0.676870751617484
0.13846756223043 1.05219750302481 -0.163909210432474 0.527871523404412 -1.05112008277075 -1.10360023165665 0.641083117848709 1.23080337377635 0.865421333716512 1.68625944971791 -0.303946063980899 -0.215223727698819
-1.01339247311219 -0.715139895530102 -1.72390203664351 2.42967787366773 -0.333169313052673 2.85890068491773 -0.739454261518847 0.355176802583105 -1.53378147737803 -1.29174266192836 -0.0167595454402862 0.733906933093854
-1.19258706949015 0.747536917240561 -0.844718928581679 -0.582827108412527 2.01628303838993 -0.299369367238047 0.0238360218169026 0.141355773348028 -0.0169483828628898 0.945537999440963 -0.506301263614639 1.07857629924525
0.239461898795221 -0.718646393037909 0.247119735452079 0.476692228354091 0.270793408381535 -0.309031718701557 0.263722079758933 0.421862844657999 0.616840940938331 0.426508588964378 -0.144637975541291 -0.382238310501459
0.00208016495887833 -0.591429541333394 -0.225770018450341 0.426685149378606 0.166462897125366 -0.0810299157960029 0.122020050849244 0.668655033042904 0.108530040304985 2.85134379928016 -0.141988686132374 -0.334778370438614
-0.253554954044487 0.827761529977615 2.83600280604922 -0.918010253082882 -1.12577658078403 -1.45676171377726 0.829843835135974 1.2171122324058 0.0589287701249213 1.10763583273775 0.562298998503692 0.493283476486421
-0.573431731804208 -0.948706961893822 -1.58977111542615 3.27288594751186 0.195796670132355 0.528698357853987 -0.0385147522809038 -0.784440643497904 -0.305753453959691 -1.06656979709632 0.757279164705593 0.876434681078692
-0.721762660644508 -0.229790133782372 -0.51849079433186 0.506864288457279 -0.0772916167208779 1.20341305675823 0.0579828206384155 0.228359788048383 -0.39623626001077 2.12061984674282 -0.241319206653361 -0.0824562633703173
0.15888994110239 -0.217600286249956 0.779163427028939 -1.03492320524185 -0.446964470489928 0.468680146872919 1.08546770103377 0.933443938776118 0.198556074396685 0.164767908232798 -0.0912230553967327 0.287299902824393
0.828486994560932 -0.822295848837423 -1.30363494127212 -1.00969777303904 0.944552197155696 1.32453199736608 0.32238916222823 -0.846378919020861 0.319321188547584 0.25953051156854 0.72987880860589 0.769756700923415
0.272178664017982 -0.193263025114419 0.477684109826619 -1.85931489810923 0.234040759165009 1.38711891484351 0.968013390601415 -0.12002739474149 1.56189633191773 1.72582562412625 0.458819374498268 -0.384573475665351
0.031347779066381 0.536262969368211 0.0597434531990005 -1.10838114527419 0.360849614030636 0.200253509986176 0.196139159440763 0.514025513090997 0.304395362925101 0.874545613464813 0.283728069326242 -0.482060022177236
1.57163163818937 -0.434737672538612 -0.479464010770585 -0.690117144705509 -0.274126172476221 -0.32336854173842 0.495773418276307 0.0338374256014816 1.21563065111066 3.54822652349779 0.0237643811398802 -0.84484120230966
0.253466703274747 -0.21575375144944 -0.722444083506761 0.0113444148436661 -0.0720735218148963 0.795699809374515 -0.274646511434481 1.82341137213413 0.0215626858608336 0.654368847247642 0.566907238433221 -0.481800913227543
0.377894630716403 -0.668306136929299 0.145414668865192 0.590469590272023 -0.319924824962282 -0.891185264918547 0.2881214549958 1.10285483509036 -0.295854569558749 1.61629090896036 0.345427288909465 -0.275178690822536
-0.0500162157963475 0.75714198690072 -1.18906283231115 -2.23039341696135 0.611167196294161 0.50404128471806 2.0981834430504 -0.454806240312823 0.179579062846598 -0.385756580091163 0.16047918371974 0.134629981404153
0.11435899333418 0.907780976648484 -0.0737151127985731 0.171598650540248 -0.36864071712563 -1.00055191752058 0.572209645914372 0.478144246382006 0.0237947028650777 1.15533148046481 0.802519186547564 -0.29797659224097
0.865205660269431 -0.054969679449982 0.219432555521935 0.572978005436995 -1.3438617037752 -0.0760486793860091 0.405707289451814 0.269058510635681 -0.0277231627076969 1.16784154456808 0.23463507026099 0.494276225265277
0.71816640114894 1.54393524421806 -1.47947413853977 -0.880359700645671 0.264181259919665 0.743223579966877 -0.381264764282874 1.05990092229604 1.68259285740057 4.06542376036031 0.076916340964914 -0.438286555970987
-0.421329254632228 -0.145303322870528 1.15761561489643 -1.18002550546508 -0.935960953331277 -0.0310831043432085 1.30764600238923 1.39599809950084 -0.526169920270987 -0.510364788256712 -0.596314818673776 -0.915593471797904
0.87115251327139 -0.277016495689444 0.818728674080984 0.288283583169121 -0.328524966150715 -1.10684065883109 0.80374671938595 1.6588383085849 1.69573737474971 1.39600880140672 0.632573054689252 -1.35389150258348
0.175269806147147 -0.114464098899028 -0.266174671314808 -0.90026818879304 -0.316023588975336 1.98846785475822 0.756611658185742 -0.00985325674081919 -0.191744261708971 -0.29425225415811 0.832904869707563 0.850704061942951
-0.140030169743949 -0.397470894604224 0.692807647509726 -0.359197344599993 0.328484224129928 -1.1254490710029 -0.139198594568699 0.796257503864406 0.568283240756409 0.792149139827111 -0.5769551302328 0.995099078928788
0.395576986635495 -1.26130949683231 -0.934235821905261 1.90552659947132 0.0208474492030831 0.294701679783815 -0.894727184181595 0.542011573337434 0.355581108603174 0.190079256923496 -0.638454099018217 0.820710766720279
-0.954331425225924 -0.522482043632127 -1.28429136017232 0.947298808038887 1.28624309071217 1.21023993458726 -0.262299345785222 0.814961359195668 0.0187288628606043 -0.0697605215367729 -1.25307568235395 -0.945807884145197
-0.15111261050238 -0.381312404656115 1.27242318925861 1.59087612456954 -1.02780011449788 -0.51393216460686 -0.986550531330412 0.801660973242799 -0.0471768496459225 0.914473606483076 -0.0439446529035212 0.0587266210526355
-0.155956034188892 -0.28760456704867 -0.170573644307102 -0.457923330302601 0.857016167817781 1.5538255167503 -0.109078867392266 0.688359676095394 -0.84375839594025 2.72656759031759 0.167150007402793 -0.396561551678773
0.0454558080419761 1.1843051772186 -0.0956827919958663 -0.112902046265472 -0.597141337207814 -1.41341712104957 0.769774313879266 0.499941298218953 0.219791080032283 2.21355203042423 -0.402256835071601 -0.130173762051365
-0.360745951311008 1.51330046896208 0.387623222363748 -2.16487336637044 -0.385637863876723 0.478745406369374 -0.297234551608046 1.05671603705184 0.208421602904907 1.2652706768482 0.425271919810901 0.266869254880138
-1.0822498197451 0.165866666906079 -0.0939590592815686 -0.343137204898937 0.380074024048521 0.772152920324955 0.415094034368067 -0.269392385524092 -0.977959464216887 -1.46440709185404 -0.262623806271719 1.17448947441379
-0.571372494237457 0.566992019498024 -0.0179181598912863 0.82328253945947 -0.0332154987750677 -0.250505862477563 -0.516542422981437 0.349264460908787 0.834132262272547 -0.543664219652788 0.347843233381928 0.405189211712937
0.709549612536635 0.808583571601745 -0.13116148911841 -0.594000784994295 -0.294403510245656 -0.1388062455164 -0.279547380538863 0.183358497624131 -0.73638043948318 0.371225477430769 0.194312501365025 -0.390995297962846
-0.625926778235979 -0.528746285162863 -0.415770445707844 1.92400648895837 -0.067531190449326 -1.26549489870917 0.426118818700914 0.68134251039386 0.766991556828223 2.93813403820607 -1.3401763472428 -0.165265369162468
-1.27886434291107 -0.202273739134335 -1.7015895029406 1.14427183567985 1.58141845860121 2.4853386881127 -1.28379813317344 -0.487244359728683 -0.989972552024506 0.416083361301509 0.485147795356888 0.613843032827476
0.245630552335901 -0.494669594361043 0.652494464190597 1.51883267693819 0.186127522572651 0.0299011026970671 -1.04958783782828 -0.0817950755897057 0.0678241996808583 -0.502986311271503 0.368680360092835 -0.822883727663607
0.0197267339584399 -0.34876668312586 1.14903537062001 2.69259612732985 0.124856674813873 -2.40675323424579 -1.38768493627386 1.06776121260894 0.524305703992421 0.304964799844007 -0.289235949849136 -0.294842881031478
0.415637140548368 0.0688486287680498 -0.0151559850478661 1.35842334861015 -0.99321901113758 -0.815051418471503 0.346415860701416 -0.385038291662438 -0.447395316073848 -0.937231206797195 -0.571440606754047 -0.394083552066698
-0.279380107900641 0.326960166086716 0.366349668565986 -0.121499500886627 0.354597346702119 -0.139602304954333 -0.565800302883271 0.717189125308259 1.14157893224595 -0.357144067240469 0.543109485701737 0.340484000871186
-0.0846072105449284 -0.379574415325293 1.64176773529872 2.00519856150249 -0.611378598882882 -0.637719101892568 -1.19472127753073 0.908143901145662 -0.148664045890878 0.52233711395131 0.465127854595593 -0.434019782261695
0.00948810390762699 -0.538077218973226 0.936865292637646 0.547725481739942 -0.737942909710259 0.12136903567171 0.123091590664326 0.323639955513706 -0.118947062215597 1.36870361312103 -0.17342618622411 0.874746356452251
-0.416202339570612 0.0461404121541886 0.961637883249249 -0.412857705050566 -0.485213173321995 0.334255707725338 -0.0110236649014215 2.53390471420555 -1.31687234467572 -0.632364253686348 -0.220316996565986 -0.212637149661642
0.861595142467669 -0.248111555818187 -1.43531187934367 0.103388920531078 -0.174607232866422 -0.0897799943003153 0.805370041888529 0.739917481822035 -0.447089035171583 0.419717644166547 0.747691003045385 -0.58475442151905
-3.15316440071312 0.500638881516891 -0.710092751962866 2.94422978644522 0.0388730751835857 1.94272944267243 -0.799479140790313 -1.22552744220509 -0.0512182737832989 -0.366506683521917 -0.0944204553263676 1.53802079200687
-0.589752077335603 0.355129867943962 0.196904400081869 0.445104524897656 0.12467118619347 -0.290190116727836 0.4459471603194 0.395615158736608 0.0839231057820232 0.34949627702665 -0.20496698418704 -0.190824262194996
1.60077829238147 0.613069328198905 0.565821217590995 -0.445425656588203 -0.152225348320242 -0.522993335666551 -0.529319213510307 0.571834322692404 0.903210622448819 1.57094719461777 -0.242341463167938 -0.0711344931871812
0.626850760290308 -1.15328447729634 -0.100122181665379 -0.337069305532333 0.204156573658264 -0.549855106054858 0.778964796903206 1.25864666414583 2.36590450401095 2.72646409512741 -0.0222739640587694 -1.51583896992907
-0.684942457513881 -0.00204017848065533 -1.41625905835219 0.167124985134052 0.349510546911005 0.876426756161848 0.332010097819048 -0.374361402913786 0.869396300594872 3.4576213147301 -0.267538162481223 -0.0391098013346257
0.75504787304845 -0.158640393883433 1.24663958357815 0.417670389119809 -2.16526797154197 -1.1363358098661 0.320182482475047 1.3774598175617 1.58544780425982 1.28617630246758 -0.974469383086123 -1.02122710515327
0.173444146136984 0.178070599302377 1.60993066298351 0.0220778432746899 -0.517937033939943 0.0294999049812009 -0.788485347414894 0.746739410829232 -1.10115274856186 -1.01640992132587 0.54939058292857 -0.139324205332488
-1.48548890075534 0.272811343540345 0.0163647220690504 2.88070539067175 -0.201879714902242 0.593859027599377 -1.47176562429606 0.272208144658442 -0.785461674639002 -0.533762783568071 -0.12991170531891 0.450055426663168
0.379376451046291 -0.736264360595247 -1.44348263884711 0.0352874864644972 -0.00576905566509602 1.30389347771164 0.505019540665 0.458655747227316 0.782904062578463 1.58006259462551 0.250136616393509 -0.432070057712722
-0.881066922746071 -0.567926257316239 -0.133027088332454 -0.348421435142826 0.405027733849888 0.719190443665754 -0.192066250335668 0.849042441970392 0.0449826468232983 -0.268445151423596 -0.489517826827425 -0.157060960903988
0.251794615418097 0.594607051774875 -0.314947314239088 0.185382881517073 -0.146504244567979 0.814609939796245 -0.477158504909901 0.644987027103092 1.17226621219357 -0.606938551764788 -0.17951461524602 -0.645292025072552
-1.08326190193878 -0.980256733956291 0.242230525740161 3.85948500425894 -0.846786136471904 0.402790529312808 -0.45014614744064 -2.53296844677835 -0.238186912505606 -2.3386437501891 -0.409795546963011 0.980105356124776
1.01281192016445 -0.393109099455986 -0.0301512789221872 -0.552554418925981 -0.0308417979066688 -0.00372545722812322 -0.616877438788436 -0.220274460769197 -0.645189897834622 -0.989223683666222 0.121678407557078 -0.273047358333224
0.0709802660051102 0.151153678300154 -0.144358315499783 -1.61764503634341 1.17074980638583 -0.618491242481489 0.0188563015967965 0.540036259721711 0.57601176089071 -1.08438619052642 -0.300911275461188 -1.52322811741205
1.40727129946781 0.385900981969799 0.195918570386619 0.171372617177792 -1.17946279781005 -1.47348965673267 1.44601779855041 2.36053358605505 0.188243718955443 2.09381224044983 0.0274417412087773 -1.61403469686119
0.41253395304663 0.831357699689781 -0.883791754877414 -0.625802084300113 -0.338834872445811 -0.472571667110595 1.09139386543346 1.26044334321741 0.820413315542445 2.51200853316405 -1.25796101156604 -0.787249960446558
0.800934317663418 -0.25015339795216 0.0942996427437389 0.757501972993562 -0.0779985762706835 -0.788379113731462 -0.354363612846526 0.03792606283328 0.0893519944541141 -0.498153823756173 -0.00201782757427925 0.0292778137202151
-0.338894307639979 -0.759946900606406 0.677333332372123 -1.69407568709086 0.977163752907165 0.998998179786456 1.41653151587195 0.228013473057445 1.48101335328391 1.1604452233349 -0.59957661220198 -0.122624729707589
-0.849708137520932 0.11554976383337 0.953387656837316 1.44626746485736 -0.391213137963095 -0.781337909210828 0.143200320291379 0.0642928937483032 1.7237259639769 0.803960777749728 0.299250821895343 -0.246733675982305
-0.829199046447453 0.682223406379317 -0.177536757757478 -0.292730671547114 -0.0611172189686329 -0.786618356884678 0.456894538999273 2.55632652426156 -0.719363701400806 0.429988198635345 -0.0355149571674128 -0.703560310214625
-0.591279008905499 0.647122616915548 -0.453791691339259 1.29230118026404 -0.19421354226601 -0.5859778079935 0.642289117719288 0.251930715771976 0.847317182691081 -0.479167036470858 -0.0814884570797379 -0.768224764486874
0.72051807980557 0.37863548247289 -0.372322630435332 -0.873767055109549 -0.0598178842303085 -0.328360854678588 0.290217466591626 0.612743617093242 1.3452102287167 -1.32277322872386 -0.0961389189856248 -0.37762791539679
-0.805018043160856 0.388607483149544 -1.18390705011762 -0.82238469927642 1.96717054353778 1.11970012154361 0.676972521872982 0.0508777630431476 0.341760811213956 3.33953124181352 0.132126840712672 0.691849094454388
-0.116921714313803 -0.0699858056680105 0.355895919957728 -0.585770103221704 0.416692226961425 0.23858822095135 -0.22199064830338 0.566305641808076 -0.304236648295861 1.46408593471326 -0.828239021995759 0.352715872776122
-1.42815078334497 0.165894998559292 0.0120351745102901 -0.486933476051038 1.17768175829449 0.452371957543237 0.299947482886916 0.409725757555221 -0.726874673721785 -0.383683901814055 0.255400858264971 -0.513173143702465
0.578935910395613 1.40603097682663 0.845355728530867 -0.0230645795019096 -0.731503085324352 -1.38015945533253 0.00516968414361064 1.48734801912985 1.83375249924319 2.88938078477842 0.386574060061163 -1.11300512916046
-0.477404297598664 -0.55352909982426 -0.224327299691681 0.462153917526329 0.37604799544486 0.24622854969937 0.0906941953502214 -0.490651880963806 0.791794047774415 0.115668209100435 -0.306907709935458 -0.761204626335819
-0.424626798973338 -0.119504866193496 0.702732326864743 0.824079391965669 -1.04802801410502 1.05676087324467 -0.327027172705479 0.744305618617318 0.833795131853731 -0.55929024061981 -0.909492595630734 -0.525889732175574
-0.277988311868108 -0.643052715352521 0.877574932788391 0.513953264131801 -1.22354399116625 0.13312376018934 1.10482143207019 0.643182437431132 -0.406275901521685 0.624444989211939 -0.0985198383509729 -0.0218917790604262
0.394066912305318 1.0953825257757 -1.04764529473767 -0.908479931799636 0.300449308003632 0.536826375658877 -0.742754043499627 0.161946622062002 0.194445087420417 0.262938720557194 -0.286202738951281 0.390950200694587
-0.477870288244546 0.482216794190509 -0.648279299638323 0.48244922224913 0.80089985480167 1.20416799825854 -0.0645979476905964 0.212653729119387 0.785099923875847 0.669041591779675 -0.130947160661463 -0.463978798716121
0.0999127285651575 -0.444004971650246 0.700022680280827 0.270056079390637 0.811711985268186 -0.405830402000545 -0.64417581731739 0.899902149045366 1.07401217021591 0.852590337582906 -0.815241845096862 -0.346378776944195
0.479348518772868 0.206731275855595 -0.467468038541054 0.868106845346225 0.789416933163811 -0.030772805223781 -0.759509345111344 -0.690055878766322 0.344481694332418 0.596281916286764 0.222047519661922 1.38627177121937
-0.292608379798032 -0.522305748637474 -0.991313831521637 0.799540506275345 0.509706690406151 -1.17053345508285 0.617916854849618 2.164280984503 0.372505400601384 1.87360122744709 -0.58475940895268 -1.28188274412386
-0.294595744600831 -0.293384427791442 -0.954394315983197 0.582083561982007 0.917627330397917 0.21529715000224 -0.289102784754454 0.302977741357288 -0.0441231556395266 1.47622866161407 0.19841193717306 0.0486188486256024
0.0043030669105589 0.0234139119204346 -2.83069142491186 -1.08898836827693 1.23712356789377 0.599752189121979 0.610811500500981 0.899331926202598 -0.21073876892853 1.68290005225453 -0.776393401324192 -0.396797810763265
0.875471877490696 -0.608922977797059 -0.319236220302315 1.46272327283668 -0.296244176564342 -0.731304760380368 -0.559832663523216 0.0934973869454575 0.43337359468991 -0.339035275749222 -0.400801721688896 0.429454166495439
0.0445886972725094 -0.107481587747326 0.170796991019761 0.549050767566965 0.764361477634947 -0.831875896907147 0.0452829984212285 0.73230848953404 1.34592728144885 3.10855095164318 -0.528759549138852 -0.26336634409129
1.45339259444754 -0.614148076257779 -0.785977887074637 0.22305475803965 0.238976839589751 -0.994007197778342 0.000808550489381915 1.06685736450434 0.385049995218541 0.721699920059887 -0.104291193781818 -0.727685519782102
-0.884261005509352 0.0222883306538091 2.52742860094292 -0.608565360855162 -0.374968007191913 0.25830552993705 -1.01936678380619 0.463362416773085 0.444159104197336 -0.67152887351166 0.594126776184379 0.0381820297627105
0.414398139839174 0.489466607826176 -0.252173062082486 0.487119670362521 -0.198222493470705 0.0941345868987932 0.208491582298487 0.838984387288564 0.692593791818525 1.59209145190462 -0.409813299602366 -0.569984311613214
0.219301001149906 -0.191228077896484 1.1154270641623 1.39278872080159 -0.475154393311802 -0.750432923238443 -1.35982232541073 -0.699382997814544 -0.645313335039998 0.198553137307535 0.0577854745882724 -0.418888578997924
0.248896556751443 1.50055888713776 -0.556973483382133 -0.682857144767564 -0.206936085177866 0.154540942570411 0.0317187364846494 0.104712849680229 -0.0130004185708031 -0.865563099771977 0.521669118314012 -0.514287641548698
0.796605887981074 0.917283396146792 0.773877782156092 -1.40674560562263 -0.110863238316508 -0.813017617853527 -0.11259194826616 0.457669761611849 -0.0248950845049223 2.82683022882935 -0.233175557778948 0.442673235496663
-0.617318386649787 -0.0993933453615344 0.0489079351783107 -0.997315413091841 -1.02416065595042 1.84512110522642 -0.207004545882783 1.34856363188161 0.882332849441367 -0.626025609920305 0.815752961679647 0.329783712447497
-1.04261209827216 0.326916942944968 1.34702112010114 -0.0626873918885835 0.288470071714551 -0.23515929068162 -1.53709063774299 0.0523849519659717 -0.740251032735573 -0.535891159797499 1.29503763465376 0.14847549168148
-0.144475247831751 0.201915093468097 -0.253426344694043 0.659558164688277 0.107364342022992 -0.876111030793463 0.657178554803439 0.00397414634023122 -0.746252886059215 -0.312503575472941 0.603437901207021 0.72171896085655
0.227618747526951 0.25353853176195 0.334135080660985 -0.375358367049026 0.324553389753863 -0.655406049844953 -0.503265905983931 3.13552633732741 -0.212118062253661 2.18553280807015 0.887745135342961 -0.434102143444724
0.928003945406666 -0.0134933676569394 0.725147500862857 0.435607336921127 -0.449699959460082 0.217656264081629 -0.772179298658254 -1.21065528583063 -1.26115193442953 -1.53613051010375 -0.23756224511461 1.3336042491767
-1.2080020665648 0.919035126006597 0.225179840874654 -0.166453037112521 0.0975816718888435 0.923858825861576 -0.0347792341421405 -0.769913274708804 -0.834338476019355 1.39760453119595 -0.268205806672307 0.970336304537748
1.79158394072061 0.705929562959973 -0.773164303476736 -1.33161276001192 0.304484449135415 1.138559623861 -0.124769511753331 -0.166490674306665 -0.713132495157688 -0.25867193018863 0.560384668356119 0.758560021528291
-0.662174131394573 0.804707997938523 0.225563437867585 -0.0255457052877474 0.0230116070337344 -0.3683579847052 -0.257815033977882 0.342314793075825 0.932255908883407 1.43748220828073 0.73283651452168 -0.729255753867581
-0.178690157918504 -0.492279656352251 -0.990963182209289 0.876954682235039 -0.245900719736754 0.135204685882629 0.789353864658785 1.43050330878748 -0.0149948589694117 0.824481700738436 -0.292045123054137 1.06094219159063
0.24915947137241 0.844883891463844 -0.291509119702705 -0.0278497741417992 -0.78320295175407 -0.336468787339152 0.17011517550682 0.844946595303236 0.491474376695347 -0.0125438469387529 0.657227095405915 0.23163978120431
1.63453357164018 0.656474920583544 -1.93799526046834 -0.337776145036943 -0.679640023020487 1.12291731435039 0.032475740993981 -1.05143888427293 0.30532419570977 0.685054286059435 0.886889125348835 0.424100187876376
-0.79612266687044 -0.54942560348268 1.64281448704248 -0.527024432207288 0.894358590023549 -1.01255223267675 0.175427302982904 0.572286499524622 0.238832382664811 0.763757370356043 -0.121305088698435 0.854675206090066
0.492149137127496 0.567171325500811 1.80184292411714 -1.00946637342287 -0.461339600256877 -1.08764757386282 -0.194203904791388 1.3827129876702 0.960715516047937 0.416541917620491 0.146664367081459 -0.923687600326331
-0.820765883263127 0.761590673507455 0.324196831805307 -0.911506581287194 -0.179329531630447 -0.533830212593272 1.20758279980379 0.978435217273068 0.898154762255765 1.73892082765206 -0.564606342760689 -0.9793387516317
0.363245543099527 0.504220361706741 1.51649654845472 -0.435037680914562 0.0893063705907149 -1.50254591952847 -0.37037455732417 0.159334198479899 -0.550250201745345 1.58565342691285 0.451235656300914 -0.112373902801801
0.0312753199101357 -0.748006295967354 0.282716199349625 -1.05877528657416 0.45971332464593 1.67788867698559 0.50464164164658 0.267510205317507 -0.671294109079561 0.583977373783017 -0.190556989849265 0.988394909179666
-0.553498792963996 -0.588018524987457 -0.0120348410600461 0.126010804078243 0.606361711836845 -0.455902703721599 0.451649312013077 0.511649725200056 -0.0909794421642001 -0.594705993630728 -0.651371082356261 -0.441349414702574
0.0346928143997638 -0.974749834294345 0.342556224308264 -1.2187412617323 -0.409023898522799 2.38008154159183 0.34876773012983 0.442688353079994 -1.15225443959337 0.571948188765975 0.781319984782721 0.156512202529076
-0.695534475157188 1.25196879508315 0.845763406129368 -0.126721477625234 -0.419120959504884 0.693366614537655 -0.125598932439571 -1.49556488042723 -0.477598302108728 -1.3241160292941 0.310275139871238 1.65797572978028
0.324601592828166 1.34325138705606 0.531803902184505 -0.696200727243055 -0.594846160557144 -0.424583165724432 -0.509462822469781 0.818383761165702 0.132440404298268 -0.214690574973519 0.058255421735265 0.261539143868873
-0.110891535839604 0.681343371246044 -0.577663846004687 -0.692809128466628 -0.267577868006085 0.140399967296428 0.462008004562204 -0.0131381955098836 0.442585597543938 -0.956022313090495 -0.270628945349261 -0.318078367439799
-0.266790074437304 0.333519807191477 1.02762180209281 -0.0584614666903224 -0.314336903178237 -0.271236407170007 -1.35454363129296 1.24630717964591 0.744915433756269 -0.456741252468759 0.0950128475471002 0.0958633518614894
1.75369629446847 0.722524926021254 -0.0720001413559708 -1.23523678547275 -1.00514864564524 -0.828650854349067 0.552615585966136 -0.569023531106798 0.53904903555671 0.470344015359551 0.813965640317054 -0.102841308397931
0.23958631828278 -0.742712237964871 -0.575970767766515 0.601065048231503 -0.502146569026576 0.591143734923403 0.260589561553038 0.0806695163550015 0.317182050300282 0.955138567399832 0.242430137481844 0.59953285575867
0.281210953373393 0.394721515878223 0.967703890359728 1.99586533063006 -1.23057306270638 -1.47192300592855 -0.434081991941609 1.22088416226622 -0.224444039528512 0.753198849687188 -0.599986532032282 0.738947578200263
0.652473238751284 0.405037633033472 0.174967399234944 -1.34792540014356 -0.289722676474921 -0.11334023683543 0.652895701300915 -0.201490325480545 2.15367601345305 -0.0324537664937451 0.242565167997109 -0.378705576815985
0.790762812547437 0.0841750910629974 0.338870830918405 0.508655877420047 0.303434287909346 -1.71070456699784 -0.0637147320365887 2.54203991170223 0.0310830107980177 1.55501846886503 -0.440502554977938 -1.03878533643669
0.273049868928089 0.338138300439883 0.272953759030672 0.786251446934735 -0.405762613817467 -0.519266828414912 -0.714300756094778 1.03521971379854 1.49738003231247 1.39563119436536 0.135116394143118 -0.844031874680132
1.42998536819037 -0.108792503392536 0.918225287615596 0.436260708948009 -1.39103093623512 -0.332277018947234 0.358766741581135 0.538841228058677 -0.148566655718607 2.37250441658463 1.43439238020724 0.367510630915259
-1.48289133605981 0.760951034675699 1.20513520301278 1.4172227729382 -0.917949347653968 0.301094167111323 -1.10398589654974 -0.618488619547472 -0.473838176737304 -0.212747602583847 0.275304218941651 1.31615826507064
-0.138933706783858 1.01046438841108 -0.146385899522698 -1.22061141559319 0.337037403115239 0.867102211185045 0.138914935870741 1.68264565381466 -0.0706972356368724 2.61411509202387 1.22910854016663 0.192072962690058
0.358985483340008 0.173069552224995 -0.205002190901195 1.61859160170322 -1.13976737723761 0.0139715716534261 -0.505838558760352 0.416456680416216 1.04892809322326 0.67566171615895 0.784246733701319 -0.0452559854029096
-0.802795145194516 -0.971461342109218 0.136481726624523 3.41956360673341 -0.976892802892942 -0.669664716607783 -0.192064478899832 -0.139416880450443 0.600786924394237 0.0767611569814246 0.896587867142456 -0.217392717392669
1.63746302698166 0.3259956050793 -0.444535880258653 0.301054853407353 -0.162361695844466 -1.52105950476845 0.00156333647168401 1.56083142603376 1.10268137047077 1.68302677682812 0.1192565109486 0.372408224251854
0.497054374987136 -0.298557663650223 -1.18695535516457 0.0231812770992535 0.538631479631503 -0.374914428853387 0.328439744595932 1.02653359199466 0.568746123114286 3.63506189098843 1.19419399659435 -0.909604607834934
0.415571784392099 1.09039007875288 -0.770714141955853 1.19455943099262 -0.502246613649642 -0.96731430785432 -0.0994330179248188 0.296645327345182 0.419101044295039 2.68682643137986 0.347806605189413 0.108697742797334
1.63722037276523 -0.379976975788587 0.795515445056953 -0.327714031101021 -0.967621002094315 -0.341070977920562 0.547338881128596 0.290581097553168 0.205200117392187 0.337669111261402 1.50670083028097 0.359825801001813
0.456453684893718 0.00923246081775528 -0.133689472613993 -0.560106784368231 0.351295847803972 -0.233107639212844 0.361135798819732 0.783375188831508 0.979428917186694 2.03501629708686 -0.757640214319422 -0.365115474647292
-0.607584725469828 -1.17935178200875 -0.0234250705335892 0.552377528664605 0.163555109433718 1.67046930009907 -0.392516177673381 -0.565009766321363 -0.300150480293552 0.591717947929441 0.716995078084593 0.0793797233338342
0.252338518634569 0.580309971342872 0.457562747566893 0.168066225140747 -0.773393054885883 -0.529312864057077 0.115422776118649 0.984249726136321 0.520685798942177 1.73572576506097 -0.155232960091405 -0.744975695085604
-0.325788660440711 0.0557868502518937 1.32704789369651 0.229135576448278 -0.991884082042913 0.54396504818973 -0.457372302110836 0.150414625895386 0.690990280067864 1.73057175521342 0.0478228479573065 -0.148236401022435
-0.396913264253736 0.0995475440025149 0.911605871376894 0.772987216605835 -0.834968444318853 -0.747725324435797 0.281929567624097 3.0187952898296 0.203586285556654 1.99135472642786 -0.547985623166614 -1.55570662362409
-0.892429059729905 0.0782821616854407 0.88003749556268 1.29511378224946 0.31383310089218 -0.453540216347234 -0.957524077116996 0.589558012820565 -0.716742327133307 -0.782920248174181 0.423309439630859 -0.514173807302612
-0.284549369985009 0.529462580501663 0.674040519090552 1.64810513442555 -1.37520917059598 -0.761099531742811 0.380315772351085 0.616984991722604 -0.112329297330064 0.0593608375112346 -0.412668254449672 0.578311526696835
-0.145345498921337 0.587725247527174 -1.09835775165076 -1.56459249314933 0.56219735316917 1.37039434386786 0.421548184578049 1.01764372707033 0.492745977250695 3.12177355366789 0.142016939682567 0.607806398402672
0.0132205631626611 -0.521445624850987 1.29534009780102 0.795422125665478 -1.72910202891051 0.778976175283461 0.0469964665506155 0.238794056223951 0.407594545987458 1.29829578250564 0.0595335809310313 -0.142027651052229
0.0488768098886022 -0.87758723972638 -1.02344754410689 0.542605006020363 0.36905239389106 1.40631723560773 -0.456926463266838 0.314665102760952 2.28070238606354 0.788744235364241 0.521574513239499 -1.303240313273
0.203450978543146 -0.226305476365168 0.927630404014921 0.747911377768134 -0.476517094755899 -0.669828273856936 -0.350922628048957 0.451782096476254 0.0643822540992254 -0.604888638192964 -0.0998144065844655 -2.31399150160475
-0.868950762516167 -1.07214769262147 -0.681738349376534 0.212614362114785 1.93437595559218 2.48256236052473 -1.42221914677844 -0.722144716133572 -0.864899282474269 0.205093539822836 -0.161709338890982 -0.17034199868219
-0.255946596387529 -1.06064705681879 1.35062279186316 0.909840507434094 -0.369480146240609 0.553899164289213 -0.189400422372133 0.369420548470116 -0.700011943020238 0.568706221114876 0.290816523596102 0.220529089014386
1.87126883067325 -1.17681339907126 -1.58353567249783 0.427283015558127 0.0453760831774632 -0.307362859948787 0.660287554791081 -1.39125766726555 0.523612882179021 0.151324382427873 -0.224202059095901 0.0797283383733603
-1.51922965221533 -0.343659431464702 -0.23700555448005 3.900207208371 -0.0781521331189279 0.662317613292189 -1.01671685422907 -1.93452827226716 -1.679382378981 -1.90263995503382 0.138749876653276 1.63185526261484
-1.09692485317733 -0.73308703439368 -0.101183922245004 1.00197257481699 1.0902599397523 0.874321501349997 -0.78961810766407 0.425497733409621 -0.665799463627904 0.918829066480499 0.139894380310507 0.0287460075873533
0.413690343710189 1.53261702667057 -1.04049704162798 -0.31634723658984 -1.11883952428868 -0.107046906748189 0.770569089669421 1.06842921346258 0.548821025593335 1.96125848211997 -0.107442479237948 -1.34179173346453
0.0857286594614934 -0.373862560619537 -1.33235807197024 0.293810864375677 0.887350258284293 0.762033144898545 0.153172404389783 0.625004520768753 0.486494135978676 0.355194360815922 0.333435922618808 -0.232323162714446
-0.40882581295101 -0.813979092330486 0.240334963029268 1.04173829013823 -0.0406492062847939 0.418860267852695 0.468435236671626 0.639828808804835 0.655243534838647 1.4187748174803 -0.0876784567058179 -0.340883669683094
-0.176472739749143 1.70233325150079 -1.00487460773478 -0.942682042957323 1.02084824914916 0.643981801363265 -1.02604528247599 0.615784475218834 0.0852755702168201 -0.15693039755064 0.196656469674391 0.293462270075273
0.427811766682085 0.542629126282163 0.250257666419848 2.1935867578123 -1.05592511110323 -0.898974012867745 -0.0948870970803101 0.710284191235033 0.427815429552613 1.31244185660238 -0.601765949590094 0.146542996691324
0.143777734806489 -0.899136760218695 1.2073486722179 -0.937880784614455 -0.105868587981695 -0.642752039862926 0.839623403288822 0.794895881572815 -0.231681619560033 0.823124101946515 -0.143890445660852 -0.589383526793741
-1.12959564479697 -0.638556962708765 0.692068441493347 0.83144673814532 1.38228803185315 -0.814638717964501 -0.304571627977908 -0.121502190660279 0.331880427838814 1.74093692056996 0.534891098559529 0.207516557081245
0.412865374245172 0.195049290552692 0.0852426872719103 0.637010654973024 0.129565594005876 -0.979456197084152 -0.0404605670117016 0.265719650497132 0.905260576598649 3.34758810503974 1.01297019427577 1.34566718697197
-0.395347057165036 0.346338807985617 -2.30571464319665 0.928388665236526 -0.0359123840066527 1.93837860804023 0.30506375485414 0.963296217194147 -0.931637074735335 -0.262405826272827 -0.294004129761355 -0.302940448971868
0.221469580293195 -0.0579261006082677 -0.436985816149117 -0.730190582823095 0.0347443477643366 0.203356880397533 -0.0433644741507531 0.4598335919188 0.260815127592141 2.01615309947903 1.08778407588654 -0.699918072089328
1.37341687557107 -0.917033702668204 0.314356598783925 -0.864132677435224 0.266982889803794 -0.458617892785761 1.10952524433367 1.15949450754998 -0.0432901432899343 2.80535184662782 0.722477084008821 -0.950226040961122
0.470567427186 -0.12146555418199 0.733995008220825 0.978038339661746 -0.677481923495818 -0.877983493189211 -0.140519295109333 -0.282219667380877 0.0589478638044163 -0.0484897399266493 -0.154383630257112 -0.112957799065331
-0.225370278142904 1.06971076688849 0.511876609406617 -0.0382633257140698 -0.715196508510316 0.308066674498464 -0.152786241784073 0.327376878716365 0.587891353653794 0.416681206869576 0.369345160006572 -0.475116990456522
1.1389341142358 -0.183578123302318 -0.446518432636306 -0.082854845503323 -1.04649178325835 0.0219129082237333 0.564021391465493 0.336731583230968 0.873756884155553 2.70502493017192 -0.0269850185644549 -1.19647800579491
1.07292202099709 -0.306870560973218 0.437054427802466 -1.97090674708833 0.566863824727446 -0.609435856497209 0.499331267602714 0.683252057635682 0.441591813527799 1.97144700437504 -0.62238818172027 -0.705755809014756
-1.44006502114944 -0.205928662216326 1.1542655671673 2.11602200350197 -1.66362898435029 -0.350396146613737 0.0748629627050253 0.257656862446002 -0.812390873201962 -1.75653269802297 0.159909711593949 -0.57694928280448
1.01447759466804 0.198322337624069 -1.14939847925675 0.272775819984784 -0.640235206440012 1.69559413473735 -0.124394176662568 -0.629380166830422 -0.375682672778669 -0.0253262180537673 0.0691778401459094 -0.435076294930713
-1.04918524710476 0.398220642208453 2.53877427633133 0.227021111797487 -0.425650539542952 -0.88696980270283 -1.01818389889363 -0.212484059277938 0.22352961704527 0.153041295367225 0.237833356035075 0.171155699225042
0.974542225552337 0.65967372309327 -0.682801264500569 0.514871606141999 -0.435670852335489 -0.187778311306205 -0.592124586527227 0.248480963076529 0.00923850251954525 0.995583793458936 0.133920267455593 -0.174034820984681
-0.419247004018305 0.0483781255517266 0.895209704083211 0.390414428490818 -0.421364520741945 0.850117807484473 -0.562817971901993 1.66424434096579 -0.0235645796182383 1.60272636920348 1.13518125041086 -1.10807278652768
0.498959244365429 0.0388430901065606 0.883387350826944 -2.04518039950906 -0.747964339160721 -0.469036572630893 1.48963489770065 2.565762897314 0.628525311143564 2.53894057988826 0.261425249234445 -0.560309844764582
-1.07641773723336 -1.34070080390531 -0.741554046802539 1.9441731497318 0.23116293213973 0.992307748913515 -0.131399041747202 -0.0286633847516123 -1.09673489372953 0.186175165506343 0.31385483494722 -0.621810661389306
1.91390685029311 -0.455881466295951 2.14969713818449 -0.856727436961955 -0.241140409869751 -2.26744906033259 -0.158141636801423 2.39387828562602 0.855014287325769 1.60072630858209 -0.608248793607785 -1.90768303477725
-0.388736573047567 0.91048982990907 -0.128071023655124 0.821697570556892 -0.352998191868393 -0.112958678669713 -0.48918692719579 -1.86475339127498 0.216975736385139 0.4912368813369 -0.166151127180541 0.87430412275423
0.0408601380581188 0.32224375591781 -0.11398628332442 -0.043943834561753 0.0117686643155393 0.0731619737389071 -0.0884909369217943 0.689342439897418 1.96260612433719 0.818340558255097 0.245733786654571 -0.571433843446876
-0.223250388067238 1.59233772381947 -1.8040373364825 -0.762158150028929 0.515549530750992 2.75814871501958 -0.890155103128069 -1.54662633964733 0.618271857258674 -0.761364044721917 0.660627837434389 -0.078171109593272
-1.25949183998513 -1.08346602721995 -0.940313286223629 1.00797078860234 0.520624084932668 2.01777214435959 -0.219343755491983 -0.331296835128272 -0.780431677801749 -1.26792560922103 0.561396992006692 -0.245657480701111
1.00129288309223 0.669802483998339 -0.333337316080436 -0.703158724204358 -0.73891590455148 -0.261237441881147 1.01728690254132 0.702500749064297 0.668492969439749 1.97409904451247 0.162410326626446 -0.743770321311319
-0.163904840401588 0.690600506221208 2.28169579076236 -1.21477698546074 0.0287105386478521 -1.04882121022722 -0.600647235158423 1.02455224423116 0.570334721371232 0.817943975001713 -0.129578771819673 0.265703366107026
0.555714086443325 -0.838610142634142 0.544850626599107 0.289013720436287 -0.555257953515473 0.0653996372597997 0.00735364172406672 0.0201581226352418 0.196210762997358 -0.169720148636666 -0.165148089624989 -0.0776742754572898
0.0207352321053428 0.634333056931387 -0.219018871056972 -1.51862969614165 0.0771012095152609 -0.376240209145772 0.875406615907151 -0.435482646815424 -0.931699455569724 0.624077381724108 -0.0302316361595804 0.0513491994268173
0.528245478758969 0.451399518247143 0.416326370708503 -0.641993967447294 0.136989811943854 -0.772846119348362 0.820620332421442 0.467377040419644 -0.737753984629591 2.33046219517841 1.47248921090108 -0.387882337635987
-0.0969380040656632 -0.0941158667167706 0.289782884666069 0.581312384472607 0.447108657297914 -0.0463536210216942 -0.85982933959254 0.516329978617956 0.754425336852211 0.709488816280317 0.386711470842798 -0.254747862624067
-0.337808472683633 1.85563287745736 1.25053000158541 -0.614310433955115 -0.442262288602487 -0.810348386561534 -0.490644063855703 0.515545390527311 -0.82069157387808 0.699017795278577 0.247309082372642 0.296380908356921
1.06490604916299 -0.325688235588349 -0.588448822305598 -0.248601159295962 -0.105695188897701 0.0114046849998542 0.658096255068897 0.71345803526559 0.66298417173432 0.683507408406542 -0.29075694429778 1.09136582432191
0.425302864946418 0.221542531297032 -0.476925056914977 -1.07515930666455 0.339941698222828 -0.336846937568652 0.260220114412263 0.512836934913426 0.605434684823839 -0.800872521827565 -0.38633138636076 -0.919010127459269
-0.584470889558517 -0.226375270903535 2.82089450117672 0.76613817996381 -0.528892583455647 -1.57704229392616 -1.36505169258305 0.255432891470273 0.436491470126697 0.732489201517897 0.445704705787685 -0.019765805082181
-0.395529177163474 0.580220693691954 -0.200296454245699 0.263165094660086 -0.347010426934875 -1.09067138792322 0.706748009564436 1.42968788526858 0.711290683055137 0.159948974476226 -0.0018829201998202 -1.52113518186051
1.56631369501844 0.775857115648319 0.94846527963028 -1.40648848442106 -1.31740104664676 -0.0843609321888008 0.280613669683629 1.0424318710369 1.61282611526152 1.48155390273957 0.521767397352919 -0.744258442677019
0.722031908657502 -1.08821637965842 0.125447510355891 1.70194624337097 -0.642378726090121 1.04264061558842 -1.03584223848628 0.363587024399654 0.281860221709542 1.95405666080808 -0.659648070237587 0.0378014962544114
-0.698131212122147 0.95472677134146 -0.342935044572567 0.0283762051955212 0.199424962706509 0.00824452074781497 0.0121928964662761 0.793781486745327 -0.31266240525795 -0.473184654756334 -0.480378812785992 -0.514736145197218
0.0349097030475507 -0.795008508021497 1.88381305281601 1.08608758428041 -1.10532336989415 0.0712725629253326 -0.401541885864065 -0.28756913684466 0.182617819059029 -0.928764002380659 -0.0544021845906625 -1.69257949449517
-0.00684852207135606 -0.37775396578925 0.252679865062648 1.61355150859058 -0.0755840544322524 -0.64739252454335 0.202097488520661 -1.04396267219639 0.573473129667506 1.79083549824231 -0.737553260548304 -0.30655537843543
-0.601173494122863 0.599062288363415 -0.33191290319702 1.08967009064051 0.986650604093237 -0.73570754815958 -0.47776424687504 0.343739983391782 0.350225614025936 0.869694170792284 -0.296272954898641 -0.228081809424868
-0.607493364535915 -0.142552775805674 -1.0682684465189 0.473880298189557 -0.259568975432381 1.11462727533552 0.752250809812063 0.328971360995057 -0.0649933831203544 1.85371696847622 -0.180779429175521 -0.0926730514856035
0.594786483434018 0.564923960491595 -0.280820693923238 -1.04382414716895 -0.427447253373357 -0.118163321921135 0.82200326117616 0.383652335680586 0.97189855761717 1.6305075530563 -0.281963695121938 -0.473139369833064
0.0835568856133415 0.362977373810247 -1.1277060033459 0.86378300743246 -0.629311002642406 0.366343418559347 -0.0790982023112135 0.243360790709071 0.66402230144878 2.92693538724285 -0.725698063313727 -0.502455120409916
0.910306993752326 1.14473593755557 -0.942588356253018 -1.8417842865077 -1.14274459974293 2.63505647323229 0.574499554843523 0.813752191318221 0.441190624377957 1.12547640804863 0.680260669468279 -0.0986565175051839
-0.406096587135527 -0.0605711961287065 -0.745171355115454 0.607977255990614 0.616764286545325 1.49981395305735 -1.4412090430098 0.569439797889199 -0.174190960287135 0.318026235011546 -0.0687023695104835 0.216299574798123
-0.687787025571399 0.114005657105637 -0.303560601400234 -0.579542830767569 -0.123602936104443 1.23811276079146 -0.253729318384068 1.23643539521757 -0.469548853926673 -1.92971037626283 -0.87723598588089 -0.945167073948348
0.610378541641718 -0.321340204541986 -1.7598707613842 1.88371639003619 -0.410925170247674 1.36016830926486 -1.34072401164675 -1.06141737937058 0.0909961238216523 2.2448669283487 0.265126046656427 2.23068325244526
0.0548805583241997 0.270179303015567 -0.983840000835025 -1.9536853013587 1.55910321521183 0.881631715408819 0.809962534718734 -0.651245391494683 0.116796389070927 0.41873525497586 0.635906258332727 -0.153562273001741
-0.421335456049263 0.304373503918491 0.531885639727534 -0.224846906110747 0.0571104867388233 0.0379270229811561 -0.277187501492463 0.977711958792836 0.164375041386789 0.310697502281513 -0.508597505231721 -0.318329351924689
0.420299723392222 0.707343193314492 -0.183823430728249 -1.06965821408946 0.984701727882147 -0.145888913381296 -0.120880984123505 0.530570688906898 0.123251292292067 2.18192509528179 0.320178600804711 -0.362798925482661
0.293294799224083 -1.1578267468719 1.35087166977887 0.841078758770432 -0.194975678291448 0.278642452505196 0.123641571859067 2.36269445103561 -0.0717787033077658 0.423901585218906 0.275017652762174 0.194170536915119
0.39323284314285 1.17413544818087 0.607710206644664 -1.75727759761956 0.249604871916343 0.307470249093458 -0.437475278990452 0.776352262817467 0.476747945748702 -0.490002929889235 0.00398855300599751 -0.477177605420943
0.697279595201918 0.664833019173535 1.45294730383313 -0.184462031740152 -1.78153114711759 -0.916123730629424 0.188157693018672 0.865343124614721 1.2281604378704 1.18114568248368 -0.233513704208617 0.446072023509826
-1.24203337755755 0.455714833469297 0.893462079960742 -0.217451974709755 -0.495187928562644 -0.357828170829977 0.156941121072011 0.332429109721055 -0.411601273005269 -1.24442900995939 0.133823326371976 -0.233318363475394
-0.713211517891195 -0.555572917305628 0.93315307592623 0.234360768892884 -0.583900071947991 0.478128455224753 -0.657559672873736 1.78721523575026 0.166084301677366 1.19123980835383 -0.648224597271141 -0.573929042809222
1.48352991674798 -0.228904603034872 -0.247653167701359 -0.233673840794808 -0.617074708356407 0.192278886602617 0.577217554153463 0.51798650880858 -0.602660760378309 0.269003766156773 -0.132532750267432 -0.312092098554735
-0.100481631565417 0.186584633283611 0.595774773903812 1.03350478196937 -0.455803338836394 -0.921655965641468 0.451309970083817 0.66483193673854 1.27657773608603 1.44371740304465 -0.443326598167603 -0.868558865052474
-0.18852865978576 -0.496778659654073 0.591119308640679 -0.736954535128932 0.622186672043343 -0.320411683308466 1.60993115603795 0.334878797586658 0.642064432560568 1.78879575355316 0.131623469972416 0.939006792637961
0.282630244244048 0.594611593069541 0.479749485908619 -1.25676071945898 0.851074492407309 -0.397522618677095 0.237213524071497 0.602992926644186 -0.14607646936179 2.28592505207232 0.364058047852212 -0.334204024967296
1.16683633200522 -0.868429189760435 -0.044776797146372 0.179982387902379 0.521204003833809 0.179831159569282 0.00904990251759027 2.05572743311283 -0.131991813528025 3.04604678456807 0.343826958741262 -0.858023491320094
-0.38812894172888 0.306880368182156 1.09471872860151 -0.747252537711289 0.357388057846644 0.034869489792152 -0.386155806193296 0.782051568925587 0.556025948395237 2.22750393191182 0.977030269172065 0.0464371863062582
0.492097207929789 -0.128103273283039 -0.123023779294757 1.07463015829208 -0.165385736211865 0.279104894481935 -1.14985406387668 0.477182858452177 0.0279548570014083 2.15912051036941 -0.439419145531745 0.634265725092757
-1.01018493863144 -1.17597806628199 0.248137644699337 3.4505490981355 -0.113523991288431 -0.139255396441164 -1.26751965810883 -1.59254493731413 -0.496256546175155 -1.48863449332126 -0.12502044071739 -0.290608120720075
-1.02002560309823 -0.378712323941479 1.13869311380251 -0.070384683747365 0.636344499943375 0.899659112354211 -0.695298440697744 0 0.763855812239322 0.141022292415592 -0.0643343929796154 -0.391668147837593
0.445656780321323 1.20246350259348 0.379566325305434 -1.72238176155233 0.133959555451726 0.731748676644063 -0.765958236299168 0.448120012908007 0.667553282913807 0 -0.0650631413295567 -0.287584162321242
0.589365433539708 -0.798308497080685 0.266275519476327 -0.288760981321859 -0.0767526791446002 -0.193704619025103 0.404345093119994 0.425516146345186 0.376719125360102 2.34990472865515 0 -0.0212883942687056
0.635266796508403 0.443180139670809 0.977557712780249 -1.30273699529977 -0.287985674333314 -0.61808986812856 1.00670234439044 0.742948123975705 1.00816121150757 2.14364278527551 -0.440537387613526 -0.87035936284494
-0.415691655188052 -0.0931438405137792 -0.784367221850184 1.24348321301312 0.147284648829937 0.963403226247751 -1.20078280677528 0.454500331353699 0.590953063960594 0.839402587754095 -0.577684009713738 0
-0.590532251017321 0.169072845905787 -0.170209928332529 0.440268119327444 0.856864516903185 0.0170291477691062 -1.24249911563331 0 0.0379916722979206 0 -0.410495147234074 0
-0.0279507792078463 0.640606781055099 0.175052843605819 -1.03357862343865 0.504689186316919 -0.146911528998551 -0.990074182859694 1.09087197666405 0 1.85296546523068 -0.593584971308717 -0.440847254513872
-0.730848694958165 0.571502215827857 0.592553787028379 -0.344792223652897 1.44980050260097 0.490477916377096 -1.0206547002069 0.270239022312029 0.675137876904698 0.012067142128156 0 0
0.429337633496211 -0.139081631252307 1.33091903841672 0.527930900148902 -0.497388484007878 -0.843247864608187 0.105950254634583 0.782067776309443 0.71395253639232 0 0 -0.587868256774197
-0.695193599118279 0.389291572640619 0.254737096430214 -2.70083486510087 0.499638003421025 0.472873565453688 1.67893970615047 0.506591354449683 0 2.12402486356847 -0.30901567807925 0
-0.748239601758557 -0.619282969749212 -1.15193326211742 1.8291857771193 1.22999391082229 0.447699907820136 -1.39210647476707 0.334459783084596 0.527520934686653 1.56787721430949 -0.893437497959987 -0.507025585586615
-0.663236974356916 0.190755171151863 -1.39818549604842 0.0901273633669202 0.0432351973781387 0.806103339132807 0.689613870276264 0.429866864458985 0.708109090879585 0.0472315569981896 -0.044354325641787 0
0.614598236232936 -0.820973360947987 -1.06630905824298 0.00591110039443329 0.94425848642146 -0.358707921486855 -0.0559975252823421 0.84493778747869 1.13569188811726 2.55860608977891 -0.546790388927823 -1.09615562314611
1.12566421832178 -0.68781187504114 -0.507045528620397 0.181118486379646 -0.64029561202425 0.41795117456001 0.427550915014854 0.435245843177831 0.210651947510952 1.0544679613387 0 0
0.502167684229357 1.7095951281481 -1.29498135908355 -0.44981252224398 0.356679508699492 -0.0325378468562426 0.0891055075852936 0.191249002996749 0 0.537955439971778 -0.0243643129447586 0
0.420732691088914 0.634058824059402 -0.47812039029842 -1.0576767438382 -0.142732692380438 -0.112802504512704 1.2431110172668 1.36086469285916 1.20179774734046 3.11202630023625 0 -1.70280003203295
1.028209271466 -0.0621800954770515 1.40269959160014 -1.11112865195163 -1.86692008510606 -0.078293979081994 1.37784927702681 2.00635687408589 1.11682406325286 1.8513899448829 0 -1.09433819733173
-1.49870904689746 0.0827854633731456 -1.083667378086 1.92106723082197 0.225279278586448 2.27626243919487 -1.12805059546103 0 0 0 -0.227194764299536 0
0.13846756223043 1.05219750302481 -0.163909210432474 0.527871523404412 -1.05112008277075 -1.10360023165665 0.641083117848709 1.23080337377635 0.865421333716512 1.68625944971791 -0.303946063980899 -0.215223727698819
-1.01339247311219 -0.715139895530102 -1.72390203664351 2.42967787366773 -0.333169313052673 2.85890068491773 -0.739454261518847 0.355176802583105 0 0 -0.0167595454402862 0
-1.19258706949015 0.747536917240561 -0.844718928581679 -0.582827108412527 2.01628303838993 -0.299369367238047 0.0238360218169026 0.141355773348028 0 0.945537999440963 -0.506301263614639 0
0.239461898795221 -0.718646393037909 0.247119735452079 0.476692228354091 0.270793408381535 -0.309031718701557 0.263722079758933 0.421862844657999 0.616840940938331 0.426508588964378 -0.144637975541291 -0.382238310501459
0.00208016495887833 -0.591429541333394 -0.225770018450341 0.426685149378606 0.166462897125366 -0.0810299157960029 0.122020050849244 0.668655033042904 0.108530040304985 2.85134379928016 -0.141988686132374 -0.334778370438614
-0.253554954044487 0.827761529977615 2.83600280604922 -0.918010253082882 -1.12577658078403 -1.45676171377726 0.829843835135974 1.2171122324058 0.0589287701249213 1.10763583273775 0 0
-0.573431731804208 -0.948706961893822 -1.58977111542615 3.27288594751186 0.195796670132355 0.528698357853987 -0.0385147522809038 0 0 0 0 0
-0.721762660644508 -0.229790133782372 -0.51849079433186 0.506864288457279 -0.0772916167208779 1.20341305675823 0.0579828206384155 0.228359788048383 0 2.12061984674282 -0.241319206653361 -0.0824562633703173
0.15888994110239 -0.217600286249956 0.779163427028939 -1.03492320524185 -0.446964470489928 0.468680146872919 1.08546770103377 0.933443938776118 0.198556074396685 0.164767908232798 -0.0912230553967327 0
0.828486994560932 -0.822295848837423 -1.30363494127212 -1.00969777303904 0.944552197155696 1.32453199736608 0.32238916222823 0 0.319321188547584 0.25953051156854 0 0
0.272178664017982 -0.193263025114419 0.477684109826619 -1.85931489810923 0.234040759165009 1.38711891484351 0.968013390601415 0 1.56189633191773 1.72582562412625 0 -0.384573475665351
0.031347779066381 0.536262969368211 0.0597434531990005 -1.10838114527419 0.360849614030636 0.200253509986176 0.196139159440763 0.514025513090997 0.304395362925101 0.874545613464813 0 -0.482060022177236
1.57163163818937 -0.434737672538612 -0.479464010770585 -0.690117144705509 -0.274126172476221 -0.32336854173842 0.495773418276307 0.0338374256014816 1.21563065111066 3.54822652349779 0 -0.84484120230966
0.253466703274747 -0.21575375144944 -0.722444083506761 0.0113444148436661 -0.0720735218148963 0.795699809374515 -0.274646511434481 1.82341137213413 0.0215626858608336 0.654368847247642 0 -0.481800913227543
0.377894630716403 -0.668306136929299 0.145414668865192 0.590469590272023 -0.319924824962282 -0.891185264918547 0.2881214549958 1.10285483509036 0 1.61629090896036 0 -0.275178690822536
-0.0500162157963475 0.75714198690072 -1.18906283231115 -2.23039341696135 0.611167196294161 0.50404128471806 2.0981834430504 0 0.179579062846598 0 0 0
0.11435899333418 0.907780976648484 -0.0737151127985731 0.171598650540248 -0.36864071712563 -1.00055191752058 0.572209645914372 0.478144246382006 0.0237947028650777 1.15533148046481 0 -0.29797659224097
0.865205660269431 -0.054969679449982 0.219432555521935 0.572978005436995 -1.3438617037752 -0.0760486793860091 0.405707289451814 0.269058510635681 0 1.16784154456808 0 0
0.71816640114894 1.54393524421806 -1.47947413853977 -0.880359700645671 0.264181259919665 0.743223579966877 -0.381264764282874 1.05990092229604 1.68259285740057 4.06542376036031 0 -0.438286555970987
-0.421329254632228 -0.145303322870528 1.15761561489643 -1.18002550546508 -0.935960953331277 -0.0310831043432085 1.30764600238923 1.39599809950084 0 0 -0.596314818673776 -0.915593471797904
0.87115251327139 -0.277016495689444 0.818728674080984 0.288283583169121 -0.328524966150715 -1.10684065883109 0.80374671938595 1.6588383085849 1.69573737474971 1.39600880140672 0 -1.35389150258348
0.175269806147147 -0.114464098899028 -0.266174671314808 -0.90026818879304 -0.316023588975336 1.98846785475822 0.756611658185742 0 0 0 0 0
-0.140030169743949 -0.397470894604224 0.692807647509726 -0.359197344599993 0.328484224129928 -1.1254490710029 -0.139198594568699 0.796257503864406 0.568283240756409 0.792149139827111 -0.5769551302328 0
0.395576986635495 -1.26130949683231 -0.934235821905261 1.90552659947132 0.0208474492030831 0.294701679783815 -0.894727184181595 0.542011573337434 0.355581108603174 0.190079256923496 -0.638454099018217 0
-0.954331425225924 -0.522482043632127 -1.28429136017232 0.947298808038887 1.28624309071217 1.21023993458726 -0.262299345785222 0.814961359195668 0.0187288628606043 0 -1.25307568235395 -0.945807884145197
-0.15111261050238 -0.381312404656115 1.27242318925861 1.59087612456954 -1.02780011449788 -0.51393216460686 -0.986550531330412 0.801660973242799 0 0.914473606483076 -0.0439446529035212 0
-0.155956034188892 -0.28760456704867 -0.170573644307102 -0.457923330302601 0.857016167817781 1.5538255167503 -0.109078867392266 0.688359676095394 0 2.72656759031759 0 -0.396561551678773
0.0454558080419761 1.1843051772186 -0.0956827919958663 -0.112902046265472 -0.597141337207814 -1.41341712104957 0.769774313879266 0.499941298218953 0.219791080032283 2.21355203042423 -0.402256835071601 -0.130173762051365
-0.360745951311008 1.51330046896208 0.387623222363748 -2.16487336637044 -0.385637863876723 0.478745406369374 -0.297234551608046 1.05671603705184 0.208421602904907 1.2652706768482 0 0
-1.0822498197451 0.165866666906079 -0.0939590592815686 -0.343137204898937 0.380074024048521 0.772152920324955 0.415094034368067 0 0 0 -0.262623806271719 0
-0.571372494237457 0.566992019498024 -0.0179181598912863 0.82328253945947 -0.0332154987750677 -0.250505862477563 -0.516542422981437 0.349264460908787 0.834132262272547 0 0 0
0.709549612536635 0.808583571601745 -0.13116148911841 -0.594000784994295 -0.294403510245656 -0.1388062455164 -0.279547380538863 0.183358497624131 0 0.371225477430769 0 -0.390995297962846
-0.625926778235979 -0.528746285162863 -0.415770445707844 1.92400648895837 -0.067531190449326 -1.26549489870917 0.426118818700914 0.68134251039386 0.766991556828223 2.93813403820607 -1.3401763472428 -0.165265369162468
-1.27886434291107 -0.202273739134335 -1.7015895029406 1.14427183567985 1.58141845860121 2.4853386881127 -1.28379813317344 0 0 0.416083361301509 0 0
0.245630552335901 -0.494669594361043 0.652494464190597 1.51883267693819 0.186127522572651 0.0299011026970671 -1.04958783782828 0 0.0678241996808583 0 0 -0.822883727663607
0.0197267339584399 -0.34876668312586 1.14903537062001 2.69259612732985 0.124856674813873 -2.40675323424579 -1.38768493627386 1.06776121260894 0.524305703992421 0.304964799844007 -0.289235949849136 -0.294842881031478
0.415637140548368 0.0688486287680498 -0.0151559850478661 1.35842334861015 -0.99321901113758 -0.815051418471503 0.346415860701416 0 0 0 -0.571440606754047 -0.394083552066698
-0.279380107900641 0.326960166086716 0.366349668565986 -0.121499500886627 0.354597346702119 -0.139602304954333 -0.565800302883271 0.717189125308259 1.14157893224595 0 0 0
-0.0846072105449284 -0.379574415325293 1.64176773529872 2.00519856150249 -0.611378598882882 -0.637719101892568 -1.19472127753073 0.908143901145662 0 0.52233711395131 0 -0.434019782261695
0.00948810390762699 -0.538077218973226 0.936865292637646 0.547725481739942 -0.737942909710259 0.12136903567171 0.123091590664326 0.323639955513706 0 1.36870361312103 -0.17342618622411 0
-0.416202339570612 0.0461404121541886 0.961637883249249 -0.412857705050566 -0.485213173321995 0.334255707725338 -0.0110236649014215 2.53390471420555 0 0 -0.220316996565986 -0.212637149661642
0.861595142467669 -0.248111555818187 -1.43531187934367 0.103388920531078 -0.174607232866422 -0.0897799943003153 0.805370041888529 0.739917481822035 0 0.419717644166547 0 -0.58475442151905
-3.15316440071312 0.500638881516891 -0.710092751962866 2.94422978644522 0.0388730751835857 1.94272944267243 -0.799479140790313 0 0 0 -0.0944204553263676 0
-0.589752077335603 0.355129867943962 0.196904400081869 0.445104524897656 0.12467118619347 -0.290190116727836 0.4459471603194 0.395615158736608 0.0839231057820232 0.34949627702665 -0.20496698418704 -0.190824262194996
1.60077829238147 0.613069328198905 0.565821217590995 -0.445425656588203 -0.152225348320242 -0.522993335666551 -0.529319213510307 0.571834322692404 0.903210622448819 1.57094719461777 -0.242341463167938 -0.0711344931871812
0.626850760290308 -1.15328447729634 -0.100122181665379 -0.337069305532333 0.204156573658264 -0.549855106054858 0.778964796903206 1.25864666414583 2.36590450401095 2.72646409512741 -0.0222739640587694 -1.51583896992907
-0.684942457513881 -0.00204017848065533 -1.41625905835219 0.167124985134052 0.349510546911005 0.876426756161848 0.332010097819048 0 0.869396300594872 3.4576213147301 -0.267538162481223 -0.0391098013346257
0.75504787304845 -0.158640393883433 1.24663958357815 0.417670389119809 -2.16526797154197 -1.1363358098661 0.320182482475047 1.3774598175617 1.58544780425982 1.28617630246758 -0.974469383086123 -1.02122710515327
0.173444146136984 0.178070599302377 1.60993066298351 0.0220778432746899 -0.517937033939943 0.0294999049812009 -0.788485347414894 0.746739410829232 0 0 0 -0.139324205332488
-1.48548890075534 0.272811343540345 0.0163647220690504 2.88070539067175 -0.201879714902242 0.593859027599377 -1.47176562429606 0.272208144658442 0 0 -0.12991170531891 0
0.379376451046291 -0.736264360595247 -1.44348263884711 0.0352874864644972 -0.00576905566509602 1.30389347771164 0.505019540665 0.458655747227316 0.782904062578463 1.58006259462551 0 -0.432070057712722
-0.881066922746071 -0.567926257316239 -0.133027088332454 -0.348421435142826 0.405027733849888 0.719190443665754 -0.192066250335668 0.849042441970392 0.0449826468232983 0 -0.489517826827425 -0.157060960903988
0.251794615418097 0.594607051774875 -0.314947314239088 0.185382881517073 -0.146504244567979 0.814609939796245 -0.477158504909901 0.644987027103092 1.17226621219357 0 -0.17951461524602 -0.645292025072552
-1.08326190193878 -0.980256733956291 0.242230525740161 3.85948500425894 -0.846786136471904 0.402790529312808 -0.45014614744064 0 0 0 -0.409795546963011 0
1.01281192016445 -0.393109099455986 -0.0301512789221872 -0.552554418925981 -0.0308417979066688 -0.00372545722812322 -0.616877438788436 0 0 0 0 -0.273047358333224
0.0709802660051102 0.151153678300154 -0.144358315499783 -1.61764503634341 1.17074980638583 -0.618491242481489 0.0188563015967965 0.540036259721711 0.57601176089071 0 -0.300911275461188 -1.52322811741205
1.40727129946781 0.385900981969799 0.195918570386619 0.171372617177792 -1.17946279781005 -1.47348965673267 1.44601779855041 2.36053358605505 0.188243718955443 2.09381224044983 0 -1.61403469686119
0.41253395304663 0.831357699689781 -0.883791754877414 -0.625802084300113 -0.338834872445811 -0.472571667110595 1.09139386543346 1.26044334321741 0.820413315542445 2.51200853316405 -1.25796101156604 -0.787249960446558
0.800934317663418 -0.25015339795216 0.0942996427437389 0.757501972993562 -0.0779985762706835 -0.788379113731462 -0.354363612846526 0.03792606283328 0.0893519944541141 0 -0.00201782757427925 0
-0.338894307639979 -0.759946900606406 0.677333332372123 -1.69407568709086 0.977163752907165 0.998998179786456 1.41653151587195 0.228013473057445 1.48101335328391 1.1604452233349 -0.59957661220198 -0.122624729707589
-0.849708137520932 0.11554976383337 0.953387656837316 1.44626746485736 -0.391213137963095 -0.781337909210828 0.143200320291379 0.0642928937483032 1.7237259639769 0.803960777749728 0 -0.246733675982305
-0.829199046447453 0.682223406379317 -0.177536757757478 -0.292730671547114 -0.0611172189686329 -0.786618356884678 0.456894538999273 2.55632652426156 0 0.429988198635345 -0.0355149571674128 -0.703560310214625
-0.591279008905499 0.647122616915548 -0.453791691339259 1.29230118026404 -0.19421354226601 -0.5859778079935 0.642289117719288 0.251930715771976 0.847317182691081 0 -0.0814884570797379 -0.768224764486874
0.72051807980557 0.37863548247289 -0.372322630435332 -0.873767055109549 -0.0598178842303085 -0.328360854678588 0.290217466591626 0.612743617093242 1.3452102287167 0 -0.0961389189856248 -0.37762791539679
-0.805018043160856 0.388607483149544 -1.18390705011762 -0.82238469927642 1.96717054353778 1.11970012154361 0.676972521872982 0.0508777630431476 0.341760811213956 3.33953124181352 0 0
-0.116921714313803 -0.0699858056680105 0.355895919957728 -0.585770103221704 0.416692226961425 0.23858822095135 -0.22199064830338 0.566305641808076 0 1.46408593471326 -0.828239021995759 0
-1.42815078334497 0.165894998559292 0.0120351745102901 -0.486933476051038 1.17768175829449 0.452371957543237 0.299947482886916 0.409725757555221 0 0 0 -0.513173143702465
0.578935910395613 1.40603097682663 0.845355728530867 -0.0230645795019096 -0.731503085324352 -1.38015945533253 0.00516968414361064 1.48734801912985 1.83375249924319 2.88938078477842 0 -1.11300512916046
-0.477404297598664 -0.55352909982426 -0.224327299691681 0.462153917526329 0.37604799544486 0.24622854969937 0.0906941953502214 0 0.791794047774415 0.115668209100435 -0.306907709935458 -0.761204626335819
-0.424626798973338 -0.119504866193496 0.702732326864743 0.824079391965669 -1.04802801410502 1.05676087324467 -0.327027172705479 0.744305618617318 0.833795131853731 0 -0.909492595630734 -0.525889732175574
-0.277988311868108 -0.643052715352521 0.877574932788391 0.513953264131801 -1.22354399116625 0.13312376018934 1.10482143207019 0.643182437431132 0 0.624444989211939 -0.0985198383509729 -0.0218917790604262
0.394066912305318 1.0953825257757 -1.04764529473767 -0.908479931799636 0.300449308003632 0.536826375658877 -0.742754043499627 0.161946622062002 0.194445087420417 0.262938720557194 -0.286202738951281 0
-0.477870288244546 0.482216794190509 -0.648279299638323 0.48244922224913 0.80089985480167 1.20416799825854 -0.0645979476905964 0.212653729119387 0.785099923875847 0.669041591779675 -0.130947160661463 -0.463978798716121
0.0999127285651575 -0.444004971650246 0.700022680280827 0.270056079390637 0.811711985268186 -0.405830402000545 -0.64417581731739 0.899902149045366 1.07401217021591 0.852590337582906 -0.815241845096862 -0.346378776944195
0.479348518772868 0.206731275855595 -0.467468038541054 0.868106845346225 0.789416933163811 -0.030772805223781 -0.759509345111344 0 0.344481694332418 0.596281916286764 0 0
-0.292608379798032 -0.522305748637474 -0.991313831521637 0.799540506275345 0.509706690406151 -1.17053345508285 0.617916854849618 2.164280984503 0.372505400601384 1.87360122744709 -0.58475940895268 -1.28188274412386
-0.294595744600831 -0.293384427791442 -0.954394315983197 0.582083561982007 0.917627330397917 0.21529715000224 -0.289102784754454 0.302977741357288 0 1.47622866161407 0 0
0.0043030669105589 0.0234139119204346 -2.83069142491186 -1.08898836827693 1.23712356789377 0.599752189121979 0.610811500500981 0.899331926202598 0 1.68290005225453 -0.776393401324192 -0.396797810763265
0.875471877490696 -0.608922977797059 -0.319236220302315 1.46272327283668 -0.296244176564342 -0.731304760380368 -0.559832663523216 0.0934973869454575 0.43337359468991 0 -0.400801721688896 0
0.0445886972725094 -0.107481587747326 0.170796991019761 0.549050767566965 0.764361477634947 -0.831875896907147 0.0452829984212285 0.73230848953404 1.34592728144885 3.10855095164318 -0.528759549138852 -0.26336634409129
1.45339259444754 -0.614148076257779 -0.785977887074637 0.22305475803965 0.238976839589751 -0.994007197778342 0.000808550489381915 1.06685736450434 0.385049995218541 0.721699920059887 -0.104291193781818 -0.727685519782102
-0.884261005509352 0.0222883306538091 2.52742860094292 -0.608565360855162 -0.374968007191913 0.25830552993705 -1.01936678380619 0.463362416773085 0.444159104197336 0 0 0
0.414398139839174 0.489466607826176 -0.252173062082486 0.487119670362521 -0.198222493470705 0.0941345868987932 0.208491582298487 0.838984387288564 0.692593791818525 1.59209145190462 -0.409813299602366 -0.569984311613214
0.219301001149906 -0.191228077896484 1.1154270641623 1.39278872080159 -0.475154393311802 -0.750432923238443 -1.35982232541073 0 0 0.198553137307535 0 -0.418888578997924
0.248896556751443 1.50055888713776 -0.556973483382133 -0.682857144767564 -0.206936085177866 0.154540942570411 0.0317187364846494 0.104712849680229 0 0 0 -0.514287641548698
0.796605887981074 0.917283396146792 0.773877782156092 -1.40674560562263 -0.110863238316508 -0.813017617853527 -0.11259194826616 0.457669761611849 0 2.82683022882935 -0.233175557778948 0
-0.617318386649787 -0.0993933453615344 0.0489079351783107 -0.997315413091841 -1.02416065595042 1.84512110522642 -0.207004545882783 1.34856363188161 0.882332849441367 0 0 0
-1.04261209827216 0.326916942944968 1.34702112010114 -0.0626873918885835 0.288470071714551 -0.23515929068162 -1.53709063774299 0.0523849519659717 0 0 0 0
-0.144475247831751 0.201915093468097 -0.253426344694043 0.659558164688277 0.107364342022992 -0.876111030793463 0.657178554803439 0.00397414634023122 0 0 0 0
0.227618747526951 0.25353853176195 0.334135080660985 -0.375358367049026 0.324553389753863 -0.655406049844953 -0.503265905983931 3.13552633732741 0 2.18553280807015 0 -0.434102143444724
0.928003945406666 -0.0134933676569394 0.725147500862857 0.435607336921127 -0.449699959460082 0.217656264081629 -0.772179298658254 0 0 0 -0.23756224511461 0
-1.2080020665648 0.919035126006597 0.225179840874654 -0.166453037112521 0.0975816718888435 0.923858825861576 -0.0347792341421405 0 0 1.39760453119595 -0.268205806672307 0
1.79158394072061 0.705929562959973 -0.773164303476736 -1.33161276001192 0.304484449135415 1.138559623861 -0.124769511753331 0 0 0 0 0
-0.662174131394573 0.804707997938523 0.225563437867585 -0.0255457052877474 0.0230116070337344 -0.3683579847052 -0.257815033977882 0.342314793075825 0.932255908883407 1.43748220828073 0 -0.729255753867581
-0.178690157918504 -0.492279656352251 -0.990963182209289 0.876954682235039 -0.245900719736754 0.135204685882629 0.789353864658785 1.43050330878748 0 0.824481700738436 -0.292045123054137 0
0.24915947137241 0.844883891463844 -0.291509119702705 -0.0278497741417992 -0.78320295175407 -0.336468787339152 0.17011517550682 0.844946595303236 0.491474376695347 0 0 0
1.63453357164018 0.656474920583544 -1.93799526046834 -0.337776145036943 -0.679640023020487 1.12291731435039 0.032475740993981 0 0.30532419570977 0.685054286059435 0 0
-0.79612266687044 -0.54942560348268 1.64281448704248 -0.527024432207288 0.894358590023549 -1.01255223267675 0.175427302982904 0.572286499524622 0.238832382664811 0.763757370356043 -0.121305088698435 0
0.492149137127496 0.567171325500811 1.80184292411714 -1.00946637342287 -0.461339600256877 -1.08764757386282 -0.194203904791388 1.3827129876702 0.960715516047937 0.416541917620491 0 -0.923687600326331
-0.820765883263127 0.761590673507455 0.324196831805307 -0.911506581287194 -0.179329531630447 -0.533830212593272 1.20758279980379 0.978435217273068 0.898154762255765 1.73892082765206 -0.564606342760689 -0.9793387516317
0.363245543099527 0.504220361706741 1.51649654845472 -0.435037680914562 0.0893063705907149 -1.50254591952847 -0.37037455732417 0.159334198479899 0 1.58565342691285 0 -0.112373902801801
0.0312753199101357 -0.748006295967354 0.282716199349625 -1.05877528657416 0.45971332464593 1.67788867698559 0.50464164164658 0.267510205317507 0 0.583977373783017 -0.190556989849265 0
-0.553498792963996 -0.588018524987457 -0.0120348410600461 0.126010804078243 0.606361711836845 -0.455902703721599 0.451649312013077 0.511649725200056 0 0 -0.651371082356261 -0.441349414702574
0.0346928143997638 -0.974749834294345 0.342556224308264 -1.2187412617323 -0.409023898522799 2.38008154159183 0.34876773012983 0.442688353079994 0 0.571948188765975 0 0
-0.695534475157188 1.25196879508315 0.845763406129368 -0.126721477625234 -0.419120959504884 0.693366614537655 -0.125598932439571 0 0 0 0 0
0.324601592828166 1.34325138705606 0.531803902184505 -0.696200727243055 -0.594846160557144 -0.424583165724432 -0.509462822469781 0.818383761165702 0.132440404298268 0 0 0
-0.110891535839604 0.681343371246044 -0.577663846004687 -0.692809128466628 -0.267577868006085 0.140399967296428 0.462008004562204 0 0.442585597543938 0 -0.270628945349261 -0.318078367439799
-0.266790074437304 0.333519807191477 1.02762180209281 -0.0584614666903224 -0.314336903178237 -0.271236407170007 -1.35454363129296 1.24630717964591 0.744915433756269 0 0 0
1.75369629446847 0.722524926021254 -0.0720001413559708 -1.23523678547275 -1.00514864564524 -0.828650854349067 0.552615585966136 0 0.53904903555671 0.470344015359551 0 -0.102841308397931
0.23958631828278 -0.742712237964871 -0.575970767766515 0.601065048231503 -0.502146569026576 0.591143734923403 0.260589561553038 0.0806695163550015 0.317182050300282 0.955138567399832 0 0
0.281210953373393 0.394721515878223 0.967703890359728 1.99586533063006 -1.23057306270638 -1.47192300592855 -0.434081991941609 1.22088416226622 0 0.753198849687188 -0.599986532032282 0
0.652473238751284 0.405037633033472 0.174967399234944 -1.34792540014356 -0.289722676474921 -0.11334023683543 0.652895701300915 0 2.15367601345305 0 0 -0.378705576815985
0.790762812547437 0.0841750910629974 0.338870830918405 0.508655877420047 0.303434287909346 -1.71070456699784 -0.0637147320365887 2.54203991170223 0.0310830107980177 1.55501846886503 -0.440502554977938 -1.03878533643669
0.273049868928089 0.338138300439883 0.272953759030672 0.786251446934735 -0.405762613817467 -0.519266828414912 -0.714300756094778 1.03521971379854 1.49738003231247 1.39563119436536 0 -0.844031874680132
1.42998536819037 -0.108792503392536 0.918225287615596 0.436260708948009 -1.39103093623512 -0.332277018947234 0.358766741581135 0.538841228058677 0 2.37250441658463 0 0
-1.48289133605981 0.760951034675699 1.20513520301278 1.4172227729382 -0.917949347653968 0.301094167111323 -1.10398589654974 0 0 0 0 0
-0.138933706783858 1.01046438841108 -0.146385899522698 -1.22061141559319 0.337037403115239 0.867102211185045 0.138914935870741 1.68264565381466 0 2.61411509202387 0 0
0.358985483340008 0.173069552224995 -0.205002190901195 1.61859160170322 -1.13976737723761 0.0139715716534261 -0.505838558760352 0.416456680416216 1.04892809322326 0.67566171615895 0 -0.0452559854029096
-0.802795145194516 -0.971461342109218 0.136481726624523 3.41956360673341 -0.976892802892942 -0.669664716607783 -0.192064478899832 0 0.600786924394237 0.0767611569814246 0 -0.217392717392669
1.63746302698166 0.3259956050793 -0.444535880258653 0.301054853407353 -0.162361695844466 -1.52105950476845 0.00156333647168401 1.56083142603376 1.10268137047077 1.68302677682812 0 0
0.497054374987136 -0.298557663650223 -1.18695535516457 0.0231812770992535 0.538631479631503 -0.374914428853387 0.328439744595932 1.02653359199466 0.568746123114286 3.63506189098843 0 -0.909604607834934
0.415571784392099 1.09039007875288 -0.770714141955853 1.19455943099262 -0.502246613649642 -0.96731430785432 -0.0994330179248188 0.296645327345182 0.419101044295039 2.68682643137986 0 0
1.63722037276523 -0.379976975788587 0.795515445056953 -0.327714031101021 -0.967621002094315 -0.341070977920562 0.547338881128596 0.290581097553168 0.205200117392187 0.337669111261402 0 0
0.456453684893718 0.00923246081775528 -0.133689472613993 -0.560106784368231 0.351295847803972 -0.233107639212844 0.361135798819732 0.783375188831508 0.979428917186694 2.03501629708686 -0.757640214319422 -0.365115474647292
-0.607584725469828 -1.17935178200875 -0.0234250705335892 0.552377528664605 0.163555109433718 1.67046930009907 -0.392516177673381 0 0 0.591717947929441 0 0
0.252338518634569 0.580309971342872 0.457562747566893 0.168066225140747 -0.773393054885883 -0.529312864057077 0.115422776118649 0.984249726136321 0.520685798942177 1.73572576506097 -0.155232960091405 -0.744975695085604
-0.325788660440711 0.0557868502518937 1.32704789369651 0.229135576448278 -0.991884082042913 0.54396504818973 -0.457372302110836 0.150414625895386 0.690990280067864 1.73057175521342 0 -0.148236401022435
-0.396913264253736 0.0995475440025149 0.911605871376894 0.772987216605835 -0.834968444318853 -0.747725324435797 0.281929567624097 3.0187952898296 0.203586285556654 1.99135472642786 -0.547985623166614 -1.55570662362409
-0.892429059729905 0.0782821616854407 0.88003749556268 1.29511378224946 0.31383310089218 -0.453540216347234 -0.957524077116996 0.589558012820565 0 0 0 -0.514173807302612
-0.284549369985009 0.529462580501663 0.674040519090552 1.64810513442555 -1.37520917059598 -0.761099531742811 0.380315772351085 0.616984991722604 0 0.0593608375112346 -0.412668254449672 0
-0.145345498921337 0.587725247527174 -1.09835775165076 -1.56459249314933 0.56219735316917 1.37039434386786 0.421548184578049 1.01764372707033 0.492745977250695 3.12177355366789 0 0
0.0132205631626611 -0.521445624850987 1.29534009780102 0.795422125665478 -1.72910202891051 0.778976175283461 0.0469964665506155 0.238794056223951 0.407594545987458 1.29829578250564 0 -0.142027651052229
0.0488768098886022 -0.87758723972638 -1.02344754410689 0.542605006020363 0.36905239389106 1.40631723560773 -0.456926463266838 0.314665102760952 2.28070238606354 0.788744235364241 0 -1.303240313273
0.203450978543146 -0.226305476365168 0.927630404014921 0.747911377768134 -0.476517094755899 -0.669828273856936 -0.350922628048957 0.451782096476254 0.0643822540992254 0 -0.0998144065844655 -2.31399150160475
-0.868950762516167 -1.07214769262147 -0.681738349376534 0.212614362114785 1.93437595559218 2.48256236052473 -1.42221914677844 0 0 0.205093539822836 -0.161709338890982 -0.17034199868219
-0.255946596387529 -1.06064705681879 1.35062279186316 0.909840507434094 -0.369480146240609 0.553899164289213 -0.189400422372133 0.369420548470116 0 0.568706221114876 0 0
1.87126883067325 -1.17681339907126 -1.58353567249783 0.427283015558127 0.0453760831774632 -0.307362859948787 0.660287554791081 0 0.523612882179021 0.151324382427873 -0.224202059095901 0
-1.51922965221533 -0.343659431464702 -0.23700555448005 3.900207208371 -0.0781521331189279 0.662317613292189 -1.01671685422907 0 0 0 0 0
-1.09692485317733 -0.73308703439368 -0.101183922245004 1.00197257481699 1.0902599397523 0.874321501349997 -0.78961810766407 0.425497733409621 0 0.918829066480499 0 0
0.413690343710189 1.53261702667057 -1.04049704162798 -0.31634723658984 -1.11883952428868 -0.107046906748189 0.770569089669421 1.06842921346258 0.548821025593335 1.96125848211997 -0.107442479237948 -1.34179173346453
0.0857286594614934 -0.373862560619537 -1.33235807197024 0.293810864375677 0.887350258284293 0.762033144898545 0.153172404389783 0.625004520768753 0.486494135978676 0.355194360815922 0 -0.232323162714446
-0.40882581295101 -0.813979092330486 0.240334963029268 1.04173829013823 -0.0406492062847939 0.418860267852695 0.468435236671626 0.639828808804835 0.655243534838647 1.4187748174803 -0.0876784567058179 -0.340883669683094
-0.176472739749143 1.70233325150079 -1.00487460773478 -0.942682042957323 1.02084824914916 0.643981801363265 -1.02604528247599 0.615784475218834 0.0852755702168201 0 0 0
0.427811766682085 0.542629126282163 0.250257666419848 2.1935867578123 -1.05592511110323 -0.898974012867745 -0.0948870970803101 0.710284191235033 0.427815429552613 1.31244185660238 -0.601765949590094 0
0.143777734806489 -0.899136760218695 1.2073486722179 -0.937880784614455 -0.105868587981695 -0.642752039862926 0.839623403288822 0.794895881572815 0 0.823124101946515 -0.143890445660852 -0.589383526793741
-1.12959564479697 -0.638556962708765 0.692068441493347 0.83144673814532 1.38228803185315 -0.814638717964501 -0.304571627977908 0 0.331880427838814 1.74093692056996 0 0
0.412865374245172 0.195049290552692 0.0852426872719103 0.637010654973024 0.129565594005876 -0.979456197084152 -0.0404605670117016 0.265719650497132 0.905260576598649 3.34758810503974 0 0
-0.395347057165036 0.346338807985617 -2.30571464319665 0.928388665236526 -0.0359123840066527 1.93837860804023 0.30506375485414 0.963296217194147 0 0 -0.294004129761355 -0.302940448971868
0.221469580293195 -0.0579261006082677 -0.436985816149117 -0.730190582823095 0.0347443477643366 0.203356880397533 -0.0433644741507531 0.4598335919188 0.260815127592141 2.01615309947903 0 -0.699918072089328
1.37341687557107 -0.917033702668204 0.314356598783925 -0.864132677435224 0.266982889803794 -0.458617892785761 1.10952524433367 1.15949450754998 0 2.80535184662782 0 -0.950226040961122
0.470567427186 -0.12146555418199 0.733995008220825 0.978038339661746 -0.677481923495818 -0.877983493189211 -0.140519295109333 0 0.0589478638044163 0 -0.154383630257112 -0.112957799065331
-0.225370278142904 1.06971076688849 0.511876609406617 -0.0382633257140698 -0.715196508510316 0.308066674498464 -0.152786241784073 0.327376878716365 0.587891353653794 0.416681206869576 0 -0.475116990456522
1.1389341142358 -0.183578123302318 -0.446518432636306 -0.082854845503323 -1.04649178325835 0.0219129082237333 0.564021391465493 0.336731583230968 0.873756884155553 2.70502493017192 -0.0269850185644549 -1.19647800579491
1.07292202099709 -0.306870560973218 0.437054427802466 -1.97090674708833 0.566863824727446 -0.609435856497209 0.499331267602714 0.683252057635682 0.441591813527799 1.97144700437504 -0.62238818172027 -0.705755809014756
-1.44006502114944 -0.205928662216326 1.1542655671673 2.11602200350197 -1.66362898435029 -0.350396146613737 0.0748629627050253 0.257656862446002 0 0 0 -0.57694928280448
1.01447759466804 0.198322337624069 -1.14939847925675 0.272775819984784 -0.640235206440012 1.69559413473735 -0.124394176662568 0 0 0 0 -0.435076294930713
-1.04918524710476 0.398220642208453 2.53877427633133 0.227021111797487 -0.425650539542952 -0.88696980270283 -1.01818389889363 0 0.22352961704527 0.153041295367225 0 0
0.974542225552337 0.65967372309327 -0.682801264500569 0.514871606141999 -0.435670852335489 -0.187778311306205 -0.592124586527227 0.248480963076529 0.00923850251954525 0.995583793458936 0 -0.174034820984681
-0.419247004018305 0.0483781255517266 0.895209704083211 0.390414428490818 -0.421364520741945 0.850117807484473 -0.562817971901993 1.66424434096579 0 1.60272636920348 0 -1.10807278652768
0.498959244365429 0.0388430901065606 0.883387350826944 -2.04518039950906 -0.747964339160721 -0.469036572630893 1.48963489770065 2.565762897314 0.628525311143564 2.53894057988826 0 -0.560309844764582
-1.07641773723336 -1.34070080390531 -0.741554046802539 1.9441731497318 0.23116293213973 0.992307748913515 -0.131399041747202 0 0 0.186175165506343 0 -0.621810661389306
1.91390685029311 -0.455881466295951 2.14969713818449 -0.856727436961955 -0.241140409869751 -2.26744906033259 -0.158141636801423 2.39387828562602 0.855014287325769 1.60072630858209 -0.608248793607785 -1.90768303477725
-0.388736573047567 0.91048982990907 -0.128071023655124 0.821697570556892 -0.352998191868393 -0.112958678669713 -0.48918692719579 0 0.216975736385139 0.4912368813369 -0.166151127180541 0
0.0408601380581188 0.32224375591781 -0.11398628332442 -0.043943834561753 0.0117686643155393 0.0731619737389071 -0.0884909369217943 0.689342439897418 1.96260612433719 0.818340558255097 0 -0.571433843446876
-0.223250388067238 1.59233772381947 -1.8040373364825 -0.762158150028929 0.515549530750992 2.75814871501958 -0.890155103128069 0 0.618271857258674 0 0 -0.078171109593272
-1.25949183998513 -1.08346602721995 -0.940313286223629 1.00797078860234 0.520624084932668 2.01777214435959 -0.219343755491983 0 0 0 0 -0.245657480701111
1.00129288309223 0.669802483998339 -0.333337316080436 -0.703158724204358 -0.73891590455148 -0.261237441881147 1.01728690254132 0.702500749064297 0.668492969439749 1.97409904451247 0 -0.743770321311319
-0.163904840401588 0.690600506221208 2.28169579076236 -1.21477698546074 0.0287105386478521 -1.04882121022722 -0.600647235158423 1.02455224423116 0.570334721371232 0.817943975001713 -0.129578771819673 0
0.555714086443325 -0.838610142634142 0.544850626599107 0.289013720436287 -0.555257953515473 0.0653996372597997 0.00735364172406672 0.0201581226352418 0.196210762997358 0 -0.165148089624989 -0.0776742754572898
0.0207352321053428 0.634333056931387 -0.219018871056972 -1.51862969614165 0.0771012095152609 -0.376240209145772 0.875406615907151 0 0 0.624077381724108 -0.0302316361595804 0
0.528245478758969 0.451399518247143 0.416326370708503 -0.641993967447294 0.136989811943854 -0.772846119348362 0.820620332421442 0.467377040419644 0 2.33046219517841 0 -0.387882337635987
-0.0969380040656632 -0.0941158667167706 0.289782884666069 0.581312384472607 0.447108657297914 -0.0463536210216942 -0.85982933959254 0.516329978617956 0.754425336852211 0.709488816280317 0 -0.254747862624067
-0.337808472683633 1.85563287745736 1.25053000158541 -0.614310433955115 -0.442262288602487 -0.810348386561534 -0.490644063855703 0.515545390527311 0 0.699017795278577 0 0
1.06490604916299 -0.325688235588349 -0.588448822305598 -0.248601159295962 -0.105695188897701 0.0114046849998542 0.658096255068897 0.71345803526559 0.66298417173432 0.683507408406542 -0.29075694429778 0
0.425302864946418 0.221542531297032 -0.476925056914977 -1.07515930666455 0.339941698222828 -0.336846937568652 0.260220114412263 0.512836934913426 0.605434684823839 0 -0.38633138636076 -0.919010127459269
-0.584470889558517 -0.226375270903535 2.82089450117672 0.76613817996381 -0.528892583455647 -1.57704229392616 -1.36505169258305 0.255432891470273 0.436491470126697 0.732489201517897 0 -0.019765805082181
-0.395529177163474 0.580220693691954 -0.200296454245699 0.263165094660086 -0.347010426934875 -1.09067138792322 0.706748009564436 1.42968788526858 0.711290683055137 0.159948974476226 -0.0018829201998202 -1.52113518186051
1.56631369501844 0.775857115648319 0.94846527963028 -1.40648848442106 -1.31740104664676 -0.0843609321888008 0.280613669683629 1.0424318710369 1.61282611526152 1.48155390273957 0 -0.744258442677019
0.722031908657502 -1.08821637965842 0.125447510355891 1.70194624337097 -0.642378726090121 1.04264061558842 -1.03584223848628 0.363587024399654 0.281860221709542 1.95405666080808 -0.659648070237587 0
-0.698131212122147 0.95472677134146 -0.342935044572567 0.0283762051955212 0.199424962706509 0.00824452074781497 0.0121928964662761 0.793781486745327 0 0 -0.480378812785992 -0.514736145197218
0.0349097030475507 -0.795008508021497 1.88381305281601 1.08608758428041 -1.10532336989415 0.0712725629253326 -0.401541885864065 0 0.182617819059029 0 -0.0544021845906625 -1.69257949449517
-0.00684852207135606 -0.37775396578925 0.252679865062648 1.61355150859058 -0.0755840544322524 -0.64739252454335 0.202097488520661 0 0.573473129667506 1.79083549824231 -0.737553260548304 -0.30655537843543
-0.601173494122863 0.599062288363415 -0.33191290319702 1.08967009064051 0.986650604093237 -0.73570754815958 -0.47776424687504 0.343739983391782 0.350225614025936 0.869694170792284 -0.296272954898641 -0.228081809424868
-0.607493364535915 -0.142552775805674 -1.0682684465189 0.473880298189557 -0.259568975432381 1.11462727533552 0.752250809812063 0.328971360995057 0 1.85371696847622 -0.180779429175521 -0.0926730514856035
0.594786483434018 0.564923960491595 -0.280820693923238 -1.04382414716895 -0.427447253373357 -0.118163321921135 0.82200326117616 0.383652335680586 0.97189855761717 1.6305075530563 -0.281963695121938 -0.473139369833064
0.0835568856133415 0.362977373810247 -1.1277060033459 0.86378300743246 -0.629311002642406 0.366343418559347 -0.0790982023112135 0.243360790709071 0.66402230144878 2.92693538724285 -0.725698063313727 -0.502455120409916
0.910306993752326 1.14473593755557 -0.942588356253018 -1.8417842865077 -1.14274459974293 2.63505647323229 0.574499554843523 0.813752191318221 0.441190624377957 1.12547640804863 0 -0.0986565175051839
-0.406096587135527 -0.0605711961287065 -0.745171355115454 0.607977255990614 0.616764286545325 1.49981395305735 -1.4412090430098 0.569439797889199 0 0.318026235011546 -0.0687023695104835 0
-0.687787025571399 0.114005657105637 -0.303560601400234 -0.579542830767569 -0.123602936104443 1.23811276079146 -0.253729318384068 1.23643539521757 0 0 -0.87723598588089 -0.945167073948348
0.610378541641718 -0.321340204541986 -1.7598707613842 1.88371639003619 -0.410925170247674 1.36016830926486 -1.34072401164675 0 0.0909961238216523 2.2448669283487 0 0
0.0548805583241997 0.270179303015567 -0.983840000835025 -1.9536853013587 1.55910321521183 0.881631715408819 0.809962534718734 0 0.116796389070927 0.41873525497586 0 -0.153562273001741
-0.421335456049263 0.304373503918491 0.531885639727534 -0.224846906110747 0.0571104867388233 0.0379270229811561 -0.277187501492463 0.977711958792836 0.164375041386789 0.310697502281513 -0.508597505231721 -0.318329351924689
0.420299723392222 0.707343193314492 -0.183823430728249 -1.06965821408946 0.984701727882147 -0.145888913381296 -0.120880984123505 0.530570688906898 0.123251292292067 2.18192509528179 0 -0.362798925482661
0.293294799224083 -1.1578267468719 1.35087166977887 0.841078758770432 -0.194975678291448 0.278642452505196 0.123641571859067 2.36269445103561 0 0.423901585218906 0 0
0.39323284314285 1.17413544818087 0.607710206644664 -1.75727759761956 0.249604871916343 0.307470249093458 -0.437475278990452 0.776352262817467 0.476747945748702 0 0 -0.477177605420943
0.697279595201918 0.664833019173535 1.45294730383313 -0.184462031740152 -1.78153114711759 -0.916123730629424 0.188157693018672 0.865343124614721 1.2281604378704 1.18114568248368 -0.233513704208617 0
-1.24203337755755 0.455714833469297 0.893462079960742 -0.217451974709755 -0.495187928562644 -0.357828170829977 0.156941121072011 0.332429109721055 0 0 0 -0.233318363475394
-0.713211517891195 -0.555572917305628 0.93315307592623 0.234360768892884 -0.583900071947991 0.478128455224753 -0.657559672873736 1.78721523575026 0.166084301677366 1.19123980835383 -0.648224597271141 -0.573929042809222
1.48352991674798 -0.228904603034872 -0.247653167701359 -0.233673840794808 -0.617074708356407 0.192278886602617 0.577217554153463 0.51798650880858 0 0.269003766156773 -0.132532750267432 -0.312092098554735
-0.100481631565417 0.186584633283611 0.595774773903812 1.03350478196937 -0.455803338836394 -0.921655965641468 0.451309970083817 0.66483193673854 1.27657773608603 1.44371740304465 -0.443326598167603 -0.868558865052474
-0.18852865978576 -0.496778659654073 0.591119308640679 -0.736954535128932 0.622186672043343 -0.320411683308466 1.60993115603795 0.334878797586658 0.642064432560568 1.78879575355316 0 0
0.282630244244048 0.594611593069541 0.479749485908619 -1.25676071945898 0.851074492407309 -0.397522618677095 0.237213524071497 0.602992926644186 0 2.28592505207232 0 -0.334204024967296
1.16683633200522 -0.868429189760435 -0.044776797146372 0.179982387902379 0.521204003833809 0.179831159569282 0.00904990251759027 2.05572743311283 0 3.04604678456807 0 -0.858023491320094
-0.38812894172888 0.306880368182156 1.09471872860151 -0.747252537711289 0.357388057846644 0.034869489792152 -0.386155806193296 0.782051568925587 0.556025948395237 2.22750393191182 0 0
0.492097207929789 -0.128103273283039 -0.123023779294757 1.07463015829208 -0.165385736211865 0.279104894481935 -1.14985406387668 0.477182858452177 0.0279548570014083 2.15912051036941 -0.439419145531745 0
-1.01018493863144 -1.17597806628199 0.248137644699337 3.4505490981355 -0.113523991288431 -0.139255396441164 -1.26751965810883 0 0 0 -0.12502044071739 -0.290608120720075
